frequency,raw,smoothed,error,error_smoothed,equalization,parametric_eq,fixed_band_eq,equalized_raw,equalized_smoothed,target
20.00,8.44,8.44,0.68,0.68,-0.68,-1.63,-0.89,7.76,7.76,7.77
20.20,8.49,8.49,0.73,0.73,-0.73,-1.63,-0.91,7.76,7.76,7.76
20.40,8.54,8.54,0.78,0.78,-0.78,-1.64,-0.94,7.77,7.77,7.76
20.61,8.59,8.59,0.83,0.83,-0.83,-1.65,-0.96,7.77,7.76,7.76
20.81,8.63,8.64,0.87,0.87,-0.87,-1.65,-0.99,7.76,7.76,7.76
21.02,8.68,8.68,0.92,0.92,-0.92,-1.66,-1.02,7.76,7.76,7.76
21.23,8.72,8.73,0.96,0.96,-0.97,-1.66,-1.05,7.76,7.76,7.76
21.44,8.77,8.77,1.01,1.01,-1.01,-1.67,-1.08,7.76,7.76,7.76
21.66,8.81,8.81,1.05,1.05,-1.05,-1.68,-1.11,7.76,7.76,7.76
21.87,8.85,8.86,1.09,1.10,-1.10,-1.68,-1.14,7.75,7.76,7.76
22.09,8.90,8.90,1.14,1.14,-1.14,-1.69,-1.17,7.76,7.76,7.76
22.31,8.94,8.94,1.19,1.19,-1.18,-1.70,-1.21,7.76,7.76,7.76
22.54,8.98,8.98,1.23,1.23,-1.22,-1.71,-1.24,7.76,7.76,7.76
22.76,9.02,9.02,1.27,1.26,-1.26,-1.71,-1.28,7.76,7.76,7.76
22.99,9.05,9.06,1.30,1.30,-1.30,-1.72,-1.31,7.75,7.75,7.75
23.22,9.09,9.09,1.34,1.34,-1.34,-1.73,-1.35,7.75,7.75,7.75
23.45,9.13,9.13,1.38,1.38,-1.38,-1.74,-1.39,7.75,7.75,7.75
23.69,9.16,9.17,1.41,1.41,-1.42,-1.74,-1.42,7.74,7.75,7.75
23.92,9.20,9.20,1.45,1.45,-1.45,-1.75,-1.46,7.75,7.75,7.75
24.16,9.24,9.24,1.49,1.49,-1.49,-1.76,-1.50,7.75,7.75,7.75
24.40,9.28,9.28,1.54,1.53,-1.53,-1.77,-1.54,7.76,7.75,7.75
24.65,9.31,9.31,1.57,1.57,-1.56,-1.78,-1.58,7.75,7.75,7.75
24.89,9.34,9.34,1.60,1.60,-1.60,-1.78,-1.63,7.75,7.75,7.74
25.14,9.37,9.38,1.63,1.63,-1.63,-1.79,-1.67,7.74,7.74,7.74
25.39,9.41,9.41,1.67,1.67,-1.67,-1.80,-1.71,7.74,7.74,7.74
25.65,9.44,9.44,1.70,1.70,-1.71,-1.81,-1.75,7.73,7.73,7.74
25.91,9.48,9.48,1.74,1.74,-1.75,-1.82,-1.80,7.73,7.73,7.74
26.16,9.52,9.52,1.79,1.79,-1.80,-1.83,-1.84,7.73,7.73,7.74
26.43,9.57,9.57,1.84,1.83,-1.84,-1.84,-1.88,7.74,7.74,7.74
26.69,9.61,9.61,1.88,1.88,-1.87,-1.85,-1.92,7.74,7.74,7.73
26.96,9.65,9.65,1.92,1.92,-1.90,-1.86,-1.96,7.76,7.75,7.73
27.23,9.67,9.67,1.94,1.94,-1.91,-1.87,-2.01,7.76,7.76,7.73
27.50,9.68,9.68,1.95,1.95,-1.93,-1.88,-2.05,7.75,7.75,7.73
27.77,9.67,9.68,1.95,1.95,-1.94,-1.89,-2.09,7.73,7.74,7.73
28.05,9.67,9.67,1.95,1.94,-1.95,-1.90,-2.12,7.72,7.71,7.72
28.33,9.66,9.67,1.94,1.94,-1.97,-1.91,-2.16,7.69,7.70,7.72
28.62,9.67,9.68,1.95,1.96,-1.99,-1.92,-2.20,7.68,7.69,7.72
28.90,9.71,9.71,1.99,1.99,-2.02,-1.93,-2.23,7.69,7.69,7.72
29.19,9.76,9.76,2.05,2.05,-2.06,-1.94,-2.26,7.70,7.70,7.72
29.48,9.82,9.82,2.11,2.11,-2.10,-1.96,-2.29,7.72,7.72,7.71
29.78,9.87,9.87,2.16,2.16,-2.14,-1.97,-2.32,7.73,7.73,7.71
30.08,9.92,9.92,2.21,2.21,-2.19,-1.98,-2.35,7.74,7.74,7.71
30.38,9.96,9.95,2.26,2.25,-2.23,-1.99,-2.37,7.74,7.73,7.71
30.68,9.97,9.97,2.27,2.27,-2.26,-2.00,-2.39,7.71,7.71,7.70
30.99,9.98,9.98,2.28,2.28,-2.29,-2.02,-2.41,7.69,7.69,7.70
31.30,9.99,9.99,2.30,2.30,-2.31,-2.03,-2.43,7.68,7.68,7.70
31.61,10.01,10.02,2.32,2.32,-2.34,-2.04,-2.45,7.68,7.68,7.69
31.93,10.04,10.04,2.35,2.35,-2.36,-2.05,-2.46,7.69,7.69,7.69
32.24,10.07,10.07,2.39,2.38,-2.38,-2.07,-2.47,7.70,7.69,7.69
32.57,10.09,10.09,2.41,2.41,-2.40,-2.08,-2.48,7.69,7.69,7.68
32.89,10.10,10.11,2.42,2.43,-2.42,-2.09,-2.48,7.68,7.69,7.68
33.22,10.12,10.12,2.45,2.44,-2.44,-2.11,-2.49,7.68,7.68,7.68
33.55,10.13,10.13,2.46,2.46,-2.46,-2.12,-2.49,7.67,7.67,7.67
33.89,10.14,10.15,2.47,2.48,-2.48,-2.14,-2.49,7.66,7.66,7.67
34.23,10.16,10.16,2.50,2.50,-2.50,-2.15,-2.49,7.66,7.66,7.66
34.57,10.18,10.18,2.52,2.52,-2.52,-2.17,-2.49,7.66,7.66,7.66
34.92,10.20,10.20,2.55,2.55,-2.54,-2.18,-2.48,7.67,7.66,7.66
35.27,10.21,10.21,2.56,2.56,-2.55,-2.20,-2.48,7.66,7.66,7.65
35.62,10.22,10.22,2.58,2.57,-2.57,-2.21,-2.48,7.65,7.65,7.65
35.97,10.22,10.23,2.58,2.58,-2.59,-2.23,-2.47,7.63,7.63,7.64
36.33,10.23,10.24,2.60,2.60,-2.61,-2.24,-2.47,7.62,7.63,7.64
36.70,10.25,10.25,2.62,2.62,-2.63,-2.26,-2.46,7.62,7.62,7.63
37.06,10.27,10.27,2.65,2.65,-2.64,-2.28,-2.46,7.63,7.63,7.62
37.43,10.29,10.29,2.67,2.67,-2.66,-2.29,-2.45,7.63,7.63,7.62
37.81,10.30,10.30,2.69,2.69,-2.68,-2.31,-2.45,7.62,7.62,7.61
38.19,10.30,10.31,2.70,2.70,-2.70,-2.33,-2.44,7.60,7.61,7.61
38.57,10.31,10.31,2.71,2.71,-2.72,-2.34,-2.44,7.59,7.59,7.60
38.95,10.32,10.32,2.73,2.73,-2.74,-2.36,-2.44,7.59,7.59,7.59
39.34,10.33,10.34,2.75,2.75,-2.75,-2.38,-2.44,7.58,7.59,7.59
39.74,10.35,10.35,2.77,2.77,-2.76,-2.40,-2.44,7.59,7.59,7.58
40.14,10.36,10.35,2.79,2.78,-2.78,-2.42,-2.44,7.58,7.58,7.57
40.54,10.35,10.36,2.79,2.79,-2.79,-2.43,-2.44,7.56,7.56,7.56
40.94,10.35,10.36,2.80,2.80,-2.81,-2.45,-2.45,7.54,7.54,7.55
41.35,10.36,10.36,2.82,2.81,-2.83,-2.47,-2.45,7.53,7.53,7.55
41.76,10.37,10.38,2.84,2.84,-2.84,-2.49,-2.46,7.53,7.53,7.54
42.18,10.39,10.39,2.86,2.87,-2.86,-2.51,-2.47,7.53,7.53,7.53
42.60,10.41,10.41,2.89,2.89,-2.87,-2.53,-2.48,7.54,7.53,7.52
43.03,10.41,10.41,2.90,2.90,-2.89,-2.55,-2.50,7.52,7.52,7.51
43.46,10.40,10.41,2.90,2.91,-2.90,-2.57,-2.51,7.50,7.50,7.50
43.90,10.40,10.40,2.91,2.91,-2.92,-2.59,-2.53,7.48,7.48,7.49
44.33,10.40,10.40,2.92,2.92,-2.93,-2.61,-2.55,7.47,7.47,7.48
44.78,10.40,10.40,2.94,2.94,-2.94,-2.63,-2.57,7.46,7.46,7.47
45.23,10.41,10.41,2.96,2.95,-2.96,-2.66,-2.59,7.46,7.45,7.45
45.68,10.41,10.42,2.97,2.97,-2.97,-2.68,-2.62,7.44,7.45,7.44
46.13,10.42,10.42,2.99,2.99,-2.98,-2.70,-2.64,7.44,7.44,7.43
46.60,10.42,10.42,3.00,3.00,-3.00,-2.72,-2.67,7.42,7.42,7.42
47.06,10.42,10.42,3.02,3.01,-3.02,-2.74,-2.70,7.41,7.40,7.40
47.53,10.41,10.42,3.02,3.03,-3.03,-2.77,-2.74,7.38,7.39,7.39
48.01,10.41,10.42,3.04,3.04,-3.04,-2.79,-2.77,7.37,7.37,7.38
48.49,10.42,10.42,3.06,3.06,-3.05,-2.81,-2.81,7.37,7.37,7.36
48.97,10.42,10.42,3.08,3.07,-3.06,-2.84,-2.84,7.36,7.35,7.35
49.46,10.41,10.41,3.08,3.08,-3.08,-2.86,-2.88,7.34,7.33,7.33
49.96,10.39,10.40,3.08,3.08,-3.09,-2.89,-2.92,7.31,7.31,7.31
50.46,10.38,10.39,3.09,3.09,-3.10,-2.91,-2.96,7.28,7.29,7.30
50.96,10.38,10.38,3.10,3.11,-3.11,-2.93,-3.00,7.27,7.28,7.28
51.47,10.39,10.39,3.13,3.12,-3.12,-2.96,-3.05,7.27,7.26,7.26
51.99,10.38,10.38,3.14,3.14,-3.13,-2.98,-3.09,7.25,7.25,7.24
52.51,10.37,10.37,3.15,3.15,-3.15,-3.01,-3.14,7.22,7.22,7.22
53.03,10.35,10.36,3.15,3.16,-3.16,-3.04,-3.18,7.19,7.20,7.20
53.56,10.36,10.36,3.18,3.18,-3.18,-3.06,-3.23,7.19,7.18,7.18
54.10,10.36,10.36,3.20,3.19,-3.19,-3.09,-3.27,7.17,7.17,7.16
54.64,10.35,10.35,3.21,3.21,-3.21,-3.11,-3.32,7.15,7.15,7.14
55.18,10.33,10.34,3.22,3.22,-3.22,-3.14,-3.36,7.11,7.12,7.12
55.74,10.32,10.32,3.23,3.23,-3.23,-3.17,-3.40,7.09,7.09,7.09
56.29,10.31,10.31,3.24,3.25,-3.25,-3.19,-3.45,7.06,7.06,7.07
56.86,10.31,10.31,3.27,3.26,-3.26,-3.22,-3.49,7.05,7.04,7.04
57.42,10.30,10.30,3.28,3.28,-3.28,-3.25,-3.53,7.02,7.02,7.02
58.00,10.29,10.29,3.30,3.30,-3.30,-3.28,-3.56,7.00,7.00,6.99
58.58,10.28,10.28,3.32,3.31,-3.31,-3.31,-3.60,6.97,6.97,6.97
59.16,10.26,10.27,3.32,3.33,-3.33,-3.33,-3.63,6.93,6.93,6.94
59.76,10.25,10.25,3.34,3.34,-3.35,-3.36,-3.67,6.90,6.90,6.91
60.35,10.24,10.24,3.36,3.36,-3.36,-3.39,-3.70,6.88,6.88,6.88
60.96,10.23,10.23,3.38,3.38,-3.38,-3.42,-3.72,6.85,6.85,6.85
61.57,10.22,10.22,3.41,3.40,-3.40,-3.45,-3.75,6.82,6.82,6.82
62.18,10.20,10.20,3.42,3.42,-3.42,-3.48,-3.77,6.79,6.79,6.78
62.80,10.18,10.19,3.43,3.43,-3.44,-3.51,-3.79,6.75,6.75,6.75
63.43,10.17,10.17,3.46,3.45,-3.46,-3.54,-3.80,6.72,6.71,6.72
64.07,10.15,10.15,3.47,3.47,-3.48,-3.57,-3.82,6.68,6.68,6.68
64.71,10.14,10.14,3.50,3.49,-3.50,-3.60,-3.83,6.65,6.64,6.65
65.35,10.12,10.13,3.51,3.52,-3.52,-3.63,-3.83,6.61,6.61,6.61
66.01,10.11,10.11,3.54,3.54,-3.54,-3.66,-3.84,6.58,6.57,6.57
66.67,10.09,10.09,3.56,3.56,-3.56,-3.69,-3.84,6.53,6.53,6.53
67.33,10.07,10.07,3.58,3.58,-3.58,-3.72,-3.85,6.49,6.49,6.49
68.01,10.05,10.05,3.60,3.60,-3.60,-3.75,-3.85,6.45,6.45,6.45
68.69,10.03,10.03,3.62,3.62,-3.63,-3.78,-3.84,6.41,6.41,6.41
69.37,10.01,10.01,3.65,3.65,-3.65,-3.81,-3.84,6.36,6.36,6.37
70.07,9.99,9.99,3.67,3.67,-3.67,-3.84,-3.84,6.32,6.32,6.32
70.77,9.97,9.97,3.70,3.70,-3.70,-3.87,-3.84,6.27,6.27,6.28
71.48,9.95,9.95,3.72,3.72,-3.72,-3.90,-3.83,6.23,6.23,6.23
72.19,9.93,9.93,3.75,3.75,-3.75,-3.94,-3.83,6.18,6.18,6.18
72.91,9.91,9.91,3.78,3.78,-3.78,-3.97,-3.82,6.14,6.14,6.13
73.64,9.89,9.89,3.81,3.80,-3.80,-4.00,-3.82,6.09,6.09,6.09
74.38,9.86,9.87,3.83,3.83,-3.83,-4.03,-3.82,6.03,6.04,6.03
75.12,9.84,9.84,3.86,3.86,-3.86,-4.06,-3.82,5.98,5.98,5.98
75.87,9.82,9.82,3.89,3.89,-3.89,-4.09,-3.82,5.93,5.93,5.93
76.63,9.79,9.80,3.91,3.92,-3.92,-4.13,-3.82,5.87,5.88,5.88
77.40,9.77,9.77,3.95,3.95,-3.95,-4.16,-3.82,5.82,5.82,5.82
78.17,9.75,9.75,3.98,3.98,-3.98,-4.19,-3.83,5.77,5.77,5.77
78.95,9.72,9.72,4.01,4.01,-4.01,-4.22,-3.83,5.71,5.71,5.71
79.74,9.70,9.70,4.05,4.05,-4.05,-4.25,-3.84,5.66,5.65,5.65
80.54,9.67,9.68,4.08,4.08,-4.08,-4.28,-3.85,5.59,5.60,5.60
81.35,9.65,9.65,4.12,4.11,-4.11,-4.32,-3.87,5.54,5.54,5.54
82.16,9.62,9.62,4.15,4.14,-4.14,-4.35,-3.88,5.48,5.48,5.48
82.98,9.59,9.59,4.18,4.18,-4.18,-4.38,-3.90,5.42,5.42,5.42
83.81,9.56,9.56,4.21,4.21,-4.21,-4.41,-3.92,5.35,5.35,5.35
84.65,9.53,9.53,4.24,4.24,-4.24,-4.44,-3.95,5.29,5.29,5.29
85.50,9.50,9.51,4.27,4.28,-4.28,-4.48,-3.98,5.22,5.23,5.23
86.35,9.48,9.48,4.32,4.32,-4.32,-4.51,-4.01,5.17,5.16,5.16
87.22,9.45,9.45,4.35,4.35,-4.35,-4.54,-4.04,5.10,5.10,5.10
88.09,9.42,9.42,4.39,4.39,-4.39,-4.57,-4.08,5.03,5.03,5.03
88.97,9.39,9.39,4.43,4.43,-4.43,-4.60,-4.12,4.97,4.97,4.97
89.86,9.36,9.36,4.46,4.46,-4.46,-4.63,-4.16,4.90,4.90,4.90
90.76,9.33,9.33,4.50,4.50,-4.50,-4.66,-4.21,4.83,4.83,4.83
91.66,9.29,9.30,4.53,4.53,-4.54,-4.69,-4.26,4.76,4.76,4.76
92.58,9.26,9.26,4.57,4.57,-4.57,-4.73,-4.31,4.69,4.69,4.69
93.51,9.23,9.23,4.61,4.61,-4.61,-4.76,-4.37,4.62,4.62,4.62
94.44,9.20,9.20,4.65,4.65,-4.65,-4.79,-4.43,4.56,4.55,4.55
95.39,9.16,9.17,4.68,4.69,-4.68,-4.82,-4.49,4.48,4.48,4.48
96.34,9.13,9.13,4.72,4.72,-4.72,-4.85,-4.55,4.41,4.41,4.41
97.30,9.10,9.10,4.76,4.76,-4.76,-4.88,-4.62,4.34,4.34,4.34
98.28,9.06,9.07,4.80,4.80,-4.80,-4.91,-4.69,4.26,4.27,4.27
99.26,9.03,9.03,4.84,4.84,-4.83,-4.94,-4.76,4.20,4.20,4.19
100.25,8.99,9.00,4.87,4.87,-4.87,-4.97,-4.83,4.12,4.12,4.12
101.25,8.96,8.96,4.91,4.91,-4.91,-4.99,-4.90,4.05,4.05,4.05
102.27,8.92,8.92,4.95,4.95,-4.95,-5.02,-4.98,3.98,3.98,3.98
103.29,8.88,8.89,4.98,4.98,-4.98,-5.05,-5.06,3.90,3.90,3.90
104.32,8.85,8.85,5.02,5.02,-5.02,-5.08,-5.13,3.83,3.83,3.83
105.37,8.81,8.82,5.05,5.06,-5.06,-5.11,-5.21,3.76,3.76,3.76
106.42,8.78,8.78,5.10,5.10,-5.09,-5.14,-5.29,3.69,3.69,3.68
107.48,8.74,8.74,5.13,5.13,-5.13,-5.16,-5.37,3.61,3.61,3.61
108.56,8.70,8.70,5.16,5.16,-5.17,-5.19,-5.45,3.54,3.54,3.54
109.64,8.66,8.67,5.20,5.20,-5.20,-5.22,-5.52,3.46,3.46,3.47
110.74,8.63,8.63,5.24,5.24,-5.23,-5.24,-5.59,3.40,3.40,3.39
111.85,8.59,8.59,5.27,5.27,-5.27,-5.27,-5.67,3.33,3.32,3.32
112.97,8.55,8.55,5.30,5.30,-5.30,-5.29,-5.73,3.25,3.25,3.25
114.10,8.50,8.51,5.32,5.33,-5.33,-5.32,-5.80,3.17,3.18,3.18
115.24,8.46,8.46,5.36,5.36,-5.36,-5.34,-5.86,3.10,3.10,3.11
116.39,8.42,8.42,5.39,5.39,-5.39,-5.37,-5.92,3.03,3.03,3.04
117.55,8.38,8.38,5.42,5.42,-5.42,-5.39,-5.96,2.96,2.96,2.96
118.73,8.34,8.34,5.45,5.45,-5.45,-5.41,-6.01,2.90,2.90,2.89
119.92,8.30,8.30,5.48,5.48,-5.48,-5.44,-6.05,2.83,2.83,2.83
121.12,8.26,8.26,5.51,5.51,-5.50,-5.46,-6.08,2.76,2.76,2.76
122.33,8.22,8.22,5.53,5.53,-5.53,-5.48,-6.11,2.69,2.69,2.69
123.55,8.17,8.18,5.55,5.55,-5.56,-5.50,-6.13,2.62,2.62,2.62
124.79,8.13,8.13,5.58,5.58,-5.58,-5.52,-6.14,2.55,2.55,2.55
126.03,8.09,8.09,5.60,5.60,-5.60,-5.54,-6.15,2.49,2.49,2.49
127.29,8.05,8.05,5.63,5.63,-5.63,-5.56,-6.14,2.43,2.42,2.42
128.57,8.00,8.01,5.64,5.65,-5.65,-5.57,-6.14,2.36,2.36,2.36
129.85,7.96,7.96,5.67,5.67,-5.67,-5.59,-6.12,2.30,2.29,2.29
131.15,7.91,7.91,5.68,5.68,-5.68,-5.61,-6.10,2.23,2.23,2.23
132.46,7.87,7.87,5.70,5.70,-5.70,-5.62,-6.07,2.17,2.17,2.17
133.79,7.82,7.82,5.71,5.72,-5.72,-5.64,-6.04,2.10,2.11,2.11
135.12,7.78,7.78,5.73,5.73,-5.73,-5.65,-6.00,2.05,2.05,2.05
136.48,7.73,7.74,5.74,5.75,-5.75,-5.67,-5.95,1.99,1.99,1.99
137.84,7.69,7.69,5.76,5.76,-5.76,-5.68,-5.90,1.93,1.93,1.93
139.22,7.64,7.64,5.77,5.77,-5.77,-5.69,-5.85,1.87,1.87,1.87
140.61,7.59,7.60,5.78,5.78,-5.78,-5.70,-5.80,1.81,1.82,1.81
142.02,7.55,7.55,5.79,5.79,-5.79,-5.71,-5.74,1.76,1.76,1.76
143.44,7.50,7.50,5.80,5.80,-5.80,-5.72,-5.68,1.71,1.71,1.70
144.87,7.45,7.45,5.80,5.80,-5.80,-5.73,-5.62,1.65,1.65,1.65
146.32,7.40,7.40,5.80,5.80,-5.81,-5.73,-5.56,1.60,1.60,1.60
147.78,7.35,7.36,5.81,5.81,-5.81,-5.74,-5.50,1.54,1.55,1.55
149.26,7.31,7.31,5.82,5.81,-5.81,-5.74,-5.44,1.50,1.50,1.50
150.75,7.26,7.26,5.82,5.81,-5.81,-5.75,-5.38,1.45,1.45,1.45
152.26,7.21,7.21,5.81,5.81,-5.81,-5.75,-5.32,1.40,1.40,1.40
153.78,7.16,7.16,5.81,5.81,-5.81,-5.75,-5.26,1.35,1.35,1.35
155.32,7.11,7.11,5.81,5.81,-5.81,-5.75,-5.21,1.30,1.30,1.30
156.88,7.06,7.06,5.80,5.80,-5.81,-5.75,-5.15,1.26,1.26,1.26
158.44,7.01,7.01,5.80,5.80,-5.80,-5.75,-5.10,1.21,1.21,1.21
160.03,6.96,6.96,5.79,5.79,-5.80,-5.75,-5.05,1.17,1.17,1.17
161.63,6.91,6.91,5.79,5.79,-5.79,-5.74,-5.01,1.12,1.12,1.12
163.24,6.86,6.86,5.78,5.78,-5.78,-5.74,-4.96,1.08,1.08,1.08
164.88,6.81,6.81,5.78,5.78,-5.77,-5.73,-4.92,1.04,1.04,1.04
166.53,6.76,6.76,5.76,5.76,-5.76,-5.72,-4.88,1.00,1.00,1.00
168.19,6.71,6.71,5.75,5.75,-5.75,-5.71,-4.85,0.96,0.96,0.96
169.87,6.66,6.66,5.74,5.74,-5.74,-5.70,-4.82,0.92,0.92,0.92
171.57,6.61,6.61,5.73,5.73,-5.72,-5.69,-4.79,0.89,0.89,0.89
173.29,6.56,6.56,5.71,5.71,-5.71,-5.68,-4.76,0.85,0.85,0.85
175.02,6.50,6.51,5.69,5.69,-5.69,-5.67,-4.75,0.81,0.82,0.82
176.77,6.45,6.45,5.67,5.67,-5.67,-5.65,-4.73,0.78,0.78,0.78
178.54,6.40,6.40,5.65,5.65,-5.65,-5.64,-4.72,0.75,0.75,0.75
180.32,6.34,6.35,5.62,5.63,-5.63,-5.62,-4.71,0.71,0.72,0.72
182.13,6.30,6.30,5.62,5.61,-5.61,-5.60,-4.70,0.69,0.69,0.69
183.95,6.24,6.25,5.59,5.59,-5.59,-5.58,-4.70,0.66,0.66,0.66
185.79,6.19,6.19,5.56,5.57,-5.56,-5.56,-4.70,0.63,0.63,0.63
187.65,6.14,6.14,5.54,5.54,-5.54,-5.54,-4.70,0.60,0.60,0.60
189.52,6.08,6.09,5.51,5.51,-5.51,-5.52,-4.71,0.57,0.57,0.57
191.42,6.03,6.03,5.49,5.49,-5.49,-5.50,-4.72,0.55,0.55,0.55
193.33,5.98,5.98,5.46,5.46,-5.46,-5.47,-4.74,0.52,0.52,0.52
195.27,5.92,5.93,5.43,5.43,-5.43,-5.45,-4.75,0.49,0.49,0.49
197.22,5.87,5.87,5.40,5.40,-5.40,-5.42,-4.77,0.47,0.47,0.47
199.19,5.81,5.81,5.37,5.37,-5.37,-5.39,-4.80,0.44,0.44,0.45
201.18,5.76,5.76,5.34,5.34,-5.34,-5.36,-4.82,0.42,0.42,0.42
203.19,5.71,5.71,5.31,5.31,-5.31,-5.33,-4.85,0.40,0.40,0.40
205.23,5.66,5.66,5.28,5.28,-5.28,-5.30,-4.88,0.38,0.38,0.38
207.28,5.60,5.61,5.24,5.25,-5.25,-5.27,-4.90,0.36,0.36,0.36
209.35,5.55,5.55,5.21,5.21,-5.21,-5.24,-4.93,0.34,0.34,0.34
211.44,5.50,5.50,5.18,5.18,-5.18,-5.21,-4.97,0.32,0.32,0.32
213.56,5.44,5.45,5.14,5.15,-5.15,-5.17,-5.00,0.30,0.30,0.30
215.69,5.39,5.39,5.11,5.11,-5.11,-5.14,-5.03,0.28,0.28,0.28
217.85,5.34,5.34,5.08,5.07,-5.07,-5.10,-5.06,0.27,0.26,0.26
220.03,5.28,5.29,5.03,5.04,-5.04,-5.07,-5.09,0.24,0.25,0.25
222.23,5.23,5.23,5.00,5.00,-5.00,-5.03,-5.12,0.23,0.23,0.23
224.45,5.18,5.18,4.97,4.96,-4.96,-4.99,-5.14,0.22,0.22,0.21
226.70,5.12,5.13,4.92,4.93,-4.92,-4.95,-5.16,0.20,0.20,0.20
228.96,5.07,5.07,4.89,4.88,-4.89,-4.91,-5.19,0.19,0.18,0.18
231.25,5.01,5.01,4.84,4.84,-4.85,-4.87,-5.20,0.16,0.17,0.17
233.57,4.96,4.96,4.81,4.81,-4.81,-4.83,-5.22,0.15,0.15,0.16
235.90,4.90,4.91,4.77,4.77,-4.77,-4.79,-5.22,0.13,0.14,0.13
238.26,4.85,4.85,4.73,4.73,-4.73,-4.75,-5.23,0.12,0.12,0.12
240.64,4.80,4.80,4.70,4.69,-4.69,-4.70,-5.23,0.11,0.11,0.11
243.05,4.74,4.75,4.65,4.65,-4.65,-4.66,-5.22,0.09,0.10,0.09
245.48,4.69,4.69,4.61,4.61,-4.61,-4.62,-5.21,0.08,0.08,0.08
247.93,4.63,4.63,4.56,4.56,-4.57,-4.57,-5.19,0.07,0.07,0.07
250.41,4.58,4.58,4.52,4.52,-4.52,-4.53,-5.16,0.06,0.06,0.06
252.92,4.53,4.53,4.48,4.48,-4.48,-4.48,-5.13,0.05,0.05,0.05
255.45,4.48,4.48,4.44,4.44,-4.44,-4.44,-5.09,0.04,0.04,0.04
258.00,4.42,4.43,4.39,4.40,-4.40,-4.39,-5.05,0.03,0.03,0.03
260.58,4.37,4.37,4.35,4.35,-4.35,-4.34,-5.00,0.02,0.02,0.02
263.19,4.32,4.32,4.31,4.31,-4.31,-4.30,-4.95,0.01,0.01,0.01
265.82,4.27,4.27,4.27,4.27,-4.27,-4.25,-4.89,0.00,0.00,0.00
268.48,4.22,4.22,4.23,4.23,-4.23,-4.20,-4.83,-0.01,-0.00,-0.01
271.16,4.17,4.17,4.19,4.19,-4.18,-4.15,-4.76,-0.01,-0.01,-0.01
273.87,4.12,4.12,4.14,4.14,-4.14,-4.11,-4.68,-0.02,-0.02,-0.02
276.61,4.06,4.07,4.09,4.10,-4.09,-4.06,-4.61,-0.03,-0.03,-0.03
279.38,4.01,4.01,4.05,4.05,-4.04,-4.01,-4.53,-0.03,-0.04,-0.04
282.17,3.95,3.96,4.00,4.00,-4.00,-3.96,-4.44,-0.04,-0.04,-0.04
284.99,3.90,3.90,3.94,3.94,-3.95,-3.91,-4.36,-0.04,-0.04,-0.04
287.84,3.85,3.85,3.89,3.89,-3.89,-3.86,-4.27,-0.04,-0.05,-0.04
290.72,3.79,3.80,3.84,3.84,-3.84,-3.81,-4.18,-0.05,-0.05,-0.04
293.63,3.74,3.74,3.79,3.79,-3.79,-3.76,-4.09,-0.05,-0.04,-0.05
296.57,3.69,3.69,3.74,3.74,-3.73,-3.71,-4.00,-0.04,-0.04,-0.05
299.53,3.64,3.64,3.68,3.68,-3.68,-3.66,-3.90,-0.04,-0.04,-0.04
302.53,3.58,3.58,3.63,3.63,-3.62,-3.61,-3.81,-0.04,-0.04,-0.05
305.55,3.52,3.52,3.56,3.57,-3.57,-3.56,-3.72,-0.05,-0.05,-0.04
308.61,3.46,3.47,3.51,3.51,-3.51,-3.51,-3.63,-0.05,-0.05,-0.05
311.69,3.41,3.41,3.45,3.46,-3.46,-3.46,-3.53,-0.04,-0.05,-0.04
314.81,3.36,3.36,3.41,3.40,-3.40,-3.41,-3.44,-0.04,-0.04,-0.05
317.96,3.30,3.30,3.34,3.35,-3.35,-3.36,-3.35,-0.05,-0.04,-0.04
321.14,3.25,3.25,3.30,3.30,-3.30,-3.31,-3.26,-0.04,-0.04,-0.05
324.35,3.20,3.20,3.24,3.24,-3.25,-3.26,-3.18,-0.05,-0.05,-0.04
327.59,3.16,3.16,3.20,3.20,-3.20,-3.21,-3.09,-0.04,-0.05,-0.03
330.87,3.11,3.12,3.15,3.15,-3.16,-3.16,-3.01,-0.05,-0.04,-0.04
334.18,3.08,3.08,3.11,3.12,-3.12,-3.11,-2.92,-0.04,-0.04,-0.03
337.52,3.04,3.05,3.08,3.08,-3.08,-3.06,-2.84,-0.03,-0.03,-0.04
340.90,3.01,3.01,3.04,3.04,-3.03,-3.00,-2.76,-0.02,-0.02,-0.03
344.30,2.97,2.97,3.00,3.00,-2.99,-2.95,-2.69,-0.02,-0.02,-0.02
347.75,2.92,2.93,2.94,2.95,-2.94,-2.90,-2.61,-0.02,-0.01,-0.02
351.23,2.88,2.88,2.90,2.89,-2.89,-2.85,-2.54,-0.01,-0.01,-0.02
354.74,2.83,2.83,2.84,2.84,-2.84,-2.80,-2.47,-0.01,-0.01,-0.00
358.28,2.78,2.78,2.79,2.79,-2.79,-2.75,-2.40,-0.00,-0.00,-0.01
361.87,2.73,2.73,2.73,2.73,-2.73,-2.70,-2.33,0.00,-0.00,0.00
365.49,2.67,2.68,2.66,2.67,-2.67,-2.65,-2.26,0.00,0.00,0.01
369.14,2.62,2.62,2.62,2.61,-2.61,-2.60,-2.20,0.01,0.01,0.01
372.83,2.57,2.57,2.55,2.55,-2.56,-2.54,-2.14,0.02,0.02,0.02
376.56,2.52,2.52,2.50,2.50,-2.50,-2.49,-2.08,0.02,0.02,0.02
380.33,2.47,2.47,2.44,2.44,-2.44,-2.44,-2.02,0.03,0.03,0.03
384.13,2.41,2.42,2.39,2.39,-2.38,-2.39,-1.96,0.03,0.03,0.03
387.97,2.36,2.36,2.33,2.33,-2.32,-2.34,-1.90,0.04,0.04,0.03
391.85,2.31,2.31,2.26,2.27,-2.27,-2.29,-1.85,0.04,0.04,0.05
395.77,2.26,2.26,2.21,2.21,-2.21,-2.24,-1.80,0.05,0.05,0.05
399.73,2.21,2.21,2.15,2.15,-2.16,-2.19,-1.75,0.05,0.05,0.06
403.72,2.16,2.17,2.10,2.10,-2.10,-2.14,-1.70,0.06,0.06,0.07
407.76,2.12,2.12,2.06,2.05,-2.05,-2.09,-1.65,0.07,0.07,0.06
411.84,2.07,2.07,2.00,2.00,-2.00,-2.03,-1.60,0.08,0.08,0.07
415.96,2.02,2.02,1.94,1.95,-1.94,-1.98,-1.56,0.08,0.08,0.08
420.12,1.97,1.97,1.89,1.89,-1.89,-1.93,-1.51,0.08,0.08,0.08
424.32,1.92,1.92,1.83,1.83,-1.84,-1.88,-1.47,0.08,0.09,0.09
428.56,1.87,1.88,1.78,1.78,-1.78,-1.83,-1.43,0.09,0.09,0.10
432.85,1.83,1.83,1.73,1.73,-1.73,-1.78,-1.39,0.10,0.10,0.10
437.18,1.78,1.78,1.68,1.68,-1.67,-1.73,-1.35,0.11,0.11,0.10
441.55,1.73,1.74,1.62,1.62,-1.62,-1.67,-1.31,0.11,0.12,0.11
445.96,1.69,1.69,1.57,1.57,-1.56,-1.62,-1.27,0.13,0.13,0.12
450.42,1.64,1.64,1.50,1.51,-1.51,-1.57,-1.23,0.13,0.13,0.14
454.93,1.59,1.60,1.44,1.45,-1.45,-1.52,-1.20,0.14,0.14,0.15
459.48,1.55,1.55,1.40,1.39,-1.40,-1.47,-1.16,0.15,0.15,0.16
464.07,1.50,1.50,1.35,1.35,-1.35,-1.42,-1.12,0.16,0.16,0.16
468.71,1.46,1.46,1.30,1.29,-1.29,-1.36,-1.09,0.17,0.17,0.16
473.40,1.41,1.42,1.24,1.24,-1.24,-1.31,-1.06,0.17,0.17,0.17
478.13,1.37,1.37,1.19,1.19,-1.19,-1.26,-1.02,0.18,0.18,0.18
482.91,1.33,1.33,1.14,1.14,-1.14,-1.21,-0.99,0.19,0.19,0.19
487.74,1.28,1.29,1.08,1.09,-1.08,-1.15,-0.96,0.20,0.20,0.20
492.62,1.24,1.24,1.03,1.03,-1.03,-1.10,-0.92,0.21,0.21,0.21
497.55,1.20,1.20,0.98,0.98,-0.98,-1.05,-0.89,0.23,0.22,0.22
502.52,1.15,1.16,0.92,0.93,-0.92,-0.99,-0.86,0.23,0.23,0.23
507.55,1.11,1.11,0.87,0.87,-0.87,-0.94,-0.83,0.24,0.24,0.25
512.62,1.07,1.07,0.82,0.81,-0.82,-0.89,-0.80,0.26,0.25,0.26
517.75,1.02,1.03,0.76,0.76,-0.76,-0.83,-0.77,0.26,0.26,0.27
522.93,0.98,0.98,0.71,0.71,-0.71,-0.78,-0.74,0.27,0.27,0.27
528.16,0.94,0.94,0.66,0.66,-0.66,-0.72,-0.70,0.28,0.28,0.28
533.44,0.90,0.90,0.61,0.61,-0.61,-0.67,-0.67,0.29,0.29,0.29
538.77,0.86,0.86,0.57,0.56,-0.56,-0.61,-0.64,0.31,0.31,0.29
544.16,0.82,0.82,0.51,0.51,-0.51,-0.56,-0.61,0.32,0.32,0.31
549.60,0.78,0.78,0.46,0.46,-0.46,-0.50,-0.58,0.33,0.33,0.32
555.10,0.74,0.74,0.40,0.40,-0.41,-0.45,-0.55,0.33,0.33,0.34
560.65,0.70,0.70,0.35,0.35,-0.36,-0.39,-0.52,0.34,0.34,0.35
566.25,0.66,0.67,0.30,0.31,-0.31,-0.34,-0.49,0.35,0.35,0.36
571.92,0.63,0.63,0.26,0.26,-0.26,-0.28,-0.46,0.37,0.36,0.37
577.64,0.59,0.59,0.22,0.22,-0.22,-0.22,-0.43,0.37,0.37,0.37
583.41,0.55,0.55,0.17,0.17,-0.17,-0.17,-0.40,0.38,0.38,0.38
589.25,0.51,0.52,0.12,0.13,-0.13,-0.11,-0.37,0.38,0.39,0.39
595.14,0.48,0.48,0.08,0.08,-0.08,-0.06,-0.34,0.40,0.40,0.40
601.09,0.45,0.45,0.05,0.04,-0.03,0.00,-0.31,0.42,0.41,0.41
607.10,0.41,0.41,-0.01,-0.01,0.01,0.06,-0.28,0.43,0.43,0.43
613.17,0.37,0.38,-0.06,-0.06,0.06,0.11,-0.25,0.44,0.44,0.44
619.30,0.34,0.34,-0.11,-0.12,0.11,0.17,-0.22,0.46,0.45,0.46
625.50,0.30,0.30,-0.17,-0.17,0.17,0.22,-0.19,0.47,0.47,0.48
631.75,0.27,0.27,-0.21,-0.22,0.21,0.28,-0.16,0.49,0.48,0.48
638.07,0.23,0.24,-0.27,-0.27,0.26,0.33,-0.13,0.50,0.50,0.50
644.45,0.20,0.20,-0.31,-0.31,0.31,0.39,-0.10,0.51,0.51,0.51
650.89,0.17,0.17,-0.35,-0.36,0.36,0.44,-0.07,0.53,0.53,0.52
657.40,0.13,0.14,-0.41,-0.40,0.40,0.50,-0.04,0.54,0.54,0.54
663.98,0.10,0.11,-0.45,-0.45,0.45,0.55,-0.01,0.55,0.56,0.55
670.62,0.08,0.07,-0.48,-0.49,0.50,0.60,0.02,0.58,0.57,0.56
677.32,0.04,0.04,-0.54,-0.54,0.54,0.65,0.05,0.58,0.58,0.58
684.10,0.01,0.01,-0.59,-0.59,0.59,0.70,0.08,0.60,0.60,0.60
690.94,-0.02,-0.02,-0.64,-0.63,0.63,0.75,0.11,0.61,0.61,0.62
697.85,-0.04,-0.04,-0.67,-0.68,0.67,0.80,0.14,0.64,0.63,0.63
704.83,-0.07,-0.06,-0.72,-0.72,0.72,0.85,0.17,0.65,0.65,0.65
711.87,-0.09,-0.09,-0.76,-0.76,0.76,0.89,0.20,0.67,0.67,0.67
718.99,-0.12,-0.12,-0.80,-0.80,0.80,0.93,0.23,0.69,0.68,0.68
726.18,-0.15,-0.14,-0.85,-0.84,0.84,0.98,0.26,0.70,0.70,0.70
733.44,-0.17,-0.17,-0.89,-0.88,0.88,1.02,0.29,0.71,0.71,0.72
740.78,-0.19,-0.19,-0.92,-0.92,0.92,1.05,0.33,0.73,0.73,0.73
748.19,-0.21,-0.21,-0.96,-0.96,0.96,1.09,0.36,0.75,0.75,0.75
755.67,-0.23,-0.23,-1.00,-0.99,1.00,1.12,0.39,0.77,0.77,0.77
763.23,-0.25,-0.25,-1.03,-1.03,1.03,1.16,0.42,0.78,0.78,0.78
770.86,-0.27,-0.27,-1.07,-1.07,1.07,1.19,0.46,0.80,0.80,0.80
778.57,-0.29,-0.28,-1.11,-1.10,1.10,1.22,0.49,0.81,0.82,0.82
786.35,-0.30,-0.30,-1.13,-1.13,1.13,1.24,0.52,0.84,0.84,0.83
794.22,-0.31,-0.31,-1.17,-1.16,1.17,1.27,0.55,0.86,0.85,0.86
802.16,-0.33,-0.33,-1.20,-1.20,1.20,1.29,0.59,0.87,0.87,0.87
810.18,-0.34,-0.34,-1.23,-1.23,1.22,1.31,0.62,0.89,0.89,0.89
818.28,-0.35,-0.35,-1.26,-1.25,1.25,1.32,0.65,0.90,0.90,0.91
826.46,-0.35,-0.35,-1.27,-1.28,1.28,1.34,0.69,0.93,0.93,0.92
834.73,-0.36,-0.36,-1.31,-1.30,1.30,1.35,0.72,0.94,0.94,0.95
843.08,-0.36,-0.36,-1.32,-1.32,1.32,1.36,0.75,0.96,0.96,0.96
851.51,-0.37,-0.36,-1.35,-1.34,1.34,1.37,0.78,0.97,0.98,0.98
860.02,-0.36,-0.36,-1.36,-1.36,1.36,1.38,0.82,1.00,1.00,1.00
868.62,-0.36,-0.36,-1.39,-1.38,1.38,1.39,0.85,1.02,1.02,1.03
877.31,-0.35,-0.35,-1.40,-1.40,1.39,1.39,0.88,1.04,1.04,1.05
886.08,-0.34,-0.34,-1.41,-1.41,1.41,1.39,0.91,1.07,1.07,1.07
894.94,-0.33,-0.33,-1.41,-1.41,1.42,1.39,0.94,1.09,1.09,1.09
903.89,-0.31,-0.31,-1.41,-1.42,1.42,1.39,0.97,1.12,1.11,1.11
912.93,-0.30,-0.29,-1.43,-1.43,1.43,1.39,1.00,1.13,1.14,1.14
922.06,-0.27,-0.27,-1.43,-1.44,1.43,1.39,1.03,1.17,1.16,1.17
931.28,-0.25,-0.25,-1.44,-1.44,1.44,1.39,1.05,1.19,1.19,1.20
940.59,-0.22,-0.22,-1.43,-1.43,1.43,1.38,1.08,1.22,1.22,1.22
950.00,-0.19,-0.19,-1.42,-1.43,1.43,1.38,1.11,1.24,1.24,1.24
959.50,-0.16,-0.16,-1.42,-1.42,1.43,1.37,1.13,1.27,1.27,1.27
969.09,-0.13,-0.12,-1.42,-1.42,1.42,1.36,1.15,1.29,1.30,1.30
978.78,-0.09,-0.09,-1.41,-1.41,1.41,1.36,1.17,1.32,1.32,1.33
988.57,-0.05,-0.05,-1.40,-1.40,1.40,1.35,1.20,1.35,1.35,1.36
998.46,-0.01,-0.00,-1.38,-1.39,1.39,1.34,1.21,1.38,1.38,1.38
1008.44,0.04,0.04,-1.37,-1.37,1.37,1.34,1.23,1.42,1.41,1.42
1018.53,0.09,0.09,-1.35,-1.36,1.36,1.33,1.25,1.45,1.45,1.45
1028.71,0.14,0.14,-1.34,-1.34,1.34,1.32,1.27,1.48,1.48,1.49
1039.00,0.19,0.20,-1.31,-1.31,1.31,1.31,1.28,1.50,1.51,1.51
1049.39,0.25,0.25,-1.28,-1.29,1.29,1.31,1.29,1.54,1.54,1.54
1059.88,0.31,0.31,-1.26,-1.26,1.26,1.30,1.31,1.58,1.58,1.58
1070.48,0.37,0.37,-1.24,-1.24,1.24,1.29,1.32,1.61,1.61,1.62
1081.19,0.44,0.44,-1.20,-1.21,1.21,1.29,1.33,1.65,1.65,1.65
1092.00,0.50,0.51,-1.18,-1.18,1.18,1.28,1.34,1.69,1.69,1.69
1102.92,0.57,0.57,-1.16,-1.16,1.16,1.28,1.35,1.73,1.73,1.74
1113.95,0.64,0.64,-1.12,-1.13,1.13,1.27,1.36,1.78,1.77,1.77
1125.09,0.70,0.71,-1.11,-1.11,1.11,1.27,1.37,1.81,1.81,1.82
1136.34,0.77,0.78,-1.08,-1.08,1.08,1.26,1.38,1.86,1.86,1.86
1147.70,0.85,0.85,-1.06,-1.06,1.06,1.26,1.39,1.91,1.91,1.92
1159.18,0.92,0.92,-1.04,-1.04,1.04,1.26,1.40,1.96,1.96,1.97
1170.77,0.99,0.99,-1.01,-1.01,1.02,1.26,1.41,2.01,2.01,2.01
1182.48,1.06,1.06,-0.99,-0.99,1.00,1.26,1.41,2.06,2.06,2.06
1194.30,1.13,1.13,-0.97,-0.98,0.98,1.26,1.42,2.11,2.11,2.11
1206.25,1.20,1.20,-0.97,-0.97,0.96,1.26,1.43,2.16,2.16,2.17
1218.31,1.27,1.27,-0.95,-0.95,0.95,1.26,1.44,2.22,2.22,2.22
1230.49,1.34,1.34,-0.93,-0.94,0.94,1.26,1.46,2.28,2.28,2.27
1242.80,1.40,1.41,-0.92,-0.92,0.93,1.27,1.47,2.33,2.33,2.32
1255.22,1.47,1.47,-0.91,-0.92,0.92,1.27,1.48,2.40,2.39,2.38
1267.78,1.53,1.53,-0.92,-0.92,0.92,1.27,1.49,2.45,2.45,2.45
1280.45,1.59,1.59,-0.92,-0.92,0.92,1.28,1.51,2.51,2.51,2.51
1293.26,1.65,1.65,-0.93,-0.93,0.93,1.29,1.52,2.58,2.58,2.58
1306.19,1.71,1.71,-0.93,-0.93,0.93,1.29,1.54,2.65,2.65,2.64
1319.25,1.77,1.77,-0.94,-0.94,0.94,1.30,1.56,2.72,2.71,2.71
1332.45,1.82,1.82,-0.95,-0.95,0.96,1.31,1.58,2.78,2.78,2.77
1345.77,1.87,1.87,-0.97,-0.97,0.97,1.32,1.60,2.85,2.85,2.84
1359.23,1.92,1.92,-0.99,-0.99,0.99,1.33,1.62,2.91,2.91,2.91
1372.82,1.97,1.97,-1.01,-1.01,1.01,1.34,1.64,2.98,2.98,2.98
1386.55,2.02,2.02,-1.03,-1.03,1.03,1.35,1.67,3.05,3.05,3.05
1400.41,2.07,2.07,-1.05,-1.06,1.05,1.37,1.69,3.12,3.12,3.12
1414.42,2.11,2.12,-1.08,-1.07,1.07,1.38,1.72,3.18,3.19,3.19
1428.56,2.16,2.16,-1.09,-1.10,1.09,1.40,1.75,3.25,3.25,3.25
1442.85,2.20,2.20,-1.11,-1.12,1.11,1.42,1.77,3.31,3.31,3.31
1457.28,2.24,2.25,-1.14,-1.13,1.14,1.43,1.81,3.38,3.38,3.38
1471.85,2.29,2.29,-1.15,-1.16,1.16,1.45,1.84,3.45,3.45,3.44
1486.57,2.33,2.33,-1.18,-1.18,1.19,1.47,1.87,3.52,3.52,3.51
1501.43,2.37,2.37,-1.21,-1.21,1.22,1.49,1.91,3.59,3.59,3.58
1516.45,2.41,2.41,-1.24,-1.25,1.25,1.51,1.94,3.66,3.66,3.65
1531.61,2.45,2.45,-1.28,-1.29,1.28,1.54,1.98,3.74,3.73,3.73
1546.93,2.48,2.49,-1.33,-1.33,1.32,1.56,2.02,3.80,3.81,3.81
1562.40,2.52,2.52,-1.37,-1.37,1.36,1.59,2.06,3.88,3.88,3.89
1578.02,2.56,2.56,-1.40,-1.40,1.40,1.62,2.10,3.96,3.96,3.96
1593.80,2.60,2.60,-1.43,-1.44,1.45,1.64,2.14,4.05,4.04,4.03
1609.74,2.63,2.64,-1.49,-1.48,1.49,1.67,2.18,4.12,4.13,4.12
1625.84,2.67,2.67,-1.53,-1.54,1.54,1.70,2.22,4.21,4.21,4.20
1642.10,2.71,2.71,-1.59,-1.59,1.59,1.74,2.27,4.30,4.29,4.30
1658.52,2.74,2.75,-1.64,-1.64,1.64,1.77,2.31,4.38,4.38,4.38
1675.10,2.78,2.78,-1.69,-1.69,1.69,1.81,2.36,4.47,4.47,4.47
1691.85,2.81,2.82,-1.74,-1.75,1.75,1.85,2.40,4.56,4.56,4.55
1708.77,2.85,2.85,-1.80,-1.80,1.81,1.89,2.45,4.66,4.66,4.65
1725.86,2.89,2.89,-1.87,-1.87,1.87,1.93,2.49,4.76,4.76,4.76
1743.12,2.92,2.93,-1.93,-1.93,1.93,1.98,2.54,4.85,4.86,4.85
1760.55,2.96,2.96,-2.00,-2.00,2.00,2.02,2.58,4.96,4.96,4.96
1778.15,2.99,2.99,-2.07,-2.07,2.07,2.07,2.62,5.06,5.06,5.06
1795.94,3.02,3.03,-2.13,-2.14,2.14,2.12,2.67,5.16,5.17,5.15
1813.90,3.06,3.06,-2.21,-2.21,2.21,2.18,2.71,5.28,5.27,5.27
1832.03,3.09,3.09,-2.28,-2.29,2.29,2.24,2.75,5.38,5.38,5.37
1850.36,3.12,3.12,-2.37,-2.37,2.37,2.30,2.79,5.49,5.49,5.49
1868.86,3.15,3.15,-2.45,-2.45,2.45,2.37,2.82,5.60,5.60,5.60
1887.55,3.18,3.19,-2.53,-2.53,2.53,2.44,2.86,5.71,5.71,5.71
1906.42,3.22,3.22,-2.61,-2.61,2.62,2.51,2.89,5.84,5.83,5.83
1925.49,3.25,3.25,-2.69,-2.69,2.70,2.59,2.92,5.95,5.96,5.94
1944.74,3.28,3.28,-2.78,-2.78,2.79,2.67,2.95,6.07,6.07,6.06
1964.19,3.31,3.31,-2.87,-2.87,2.88,2.75,2.97,6.19,6.18,6.18
1983.83,3.33,3.34,-2.97,-2.97,2.96,2.84,3.00,6.29,6.29,6.30
2003.67,3.36,3.36,-3.05,-3.05,3.04,2.93,3.02,6.40,6.40,6.41
2023.71,3.39,3.39,-3.13,-3.13,3.12,3.03,3.04,6.51,6.51,6.52
2043.94,3.42,3.42,-3.20,-3.20,3.20,3.12,3.06,6.62,6.62,6.62
2064.38,3.45,3.45,-3.26,-3.27,3.27,3.22,3.07,6.72,6.72,6.71
2085.03,3.48,3.48,-3.33,-3.33,3.34,3.31,3.08,6.82,6.82,6.81
2105.88,3.51,3.51,-3.41,-3.40,3.41,3.40,3.09,6.92,6.93,6.92
2126.94,3.55,3.55,-3.47,-3.47,3.48,3.48,3.10,7.03,7.03,7.02
2148.20,3.58,3.58,-3.54,-3.54,3.54,3.56,3.11,7.12,7.13,7.12
2169.69,3.62,3.62,-3.60,-3.60,3.60,3.62,3.11,7.23,7.23,7.22
2191.38,3.66,3.66,-3.66,-3.66,3.66,3.68,3.11,7.32,7.33,7.32
2213.30,3.71,3.71,-3.72,-3.72,3.72,3.72,3.12,7.43,7.43,7.43
2235.43,3.76,3.76,-3.77,-3.77,3.76,3.75,3.12,7.52,7.53,7.53
2257.78,3.82,3.82,-3.80,-3.80,3.80,3.77,3.12,7.63,7.63,7.62
2280.36,3.89,3.89,-3.83,-3.83,3.84,3.78,3.12,7.73,7.72,7.72
2303.17,3.96,3.96,-3.85,-3.85,3.86,3.77,3.12,7.82,7.82,7.81
2326.20,4.04,4.04,-3.87,-3.88,3.87,3.77,3.12,7.91,7.91,7.91
2349.46,4.13,4.13,-3.89,-3.88,3.87,3.76,3.12,8.00,8.00,8.02
2372.95,4.22,4.22,-3.88,-3.88,3.87,3.75,3.12,8.09,8.09,8.10
2396.68,4.32,4.32,-3.85,-3.86,3.85,3.74,3.13,8.17,8.17,8.17
2420.65,4.42,4.43,-3.83,-3.82,3.83,3.73,3.13,8.25,8.25,8.25
2444.86,4.53,4.53,-3.79,-3.79,3.80,3.72,3.14,8.33,8.33,8.32
2469.31,4.64,4.64,-3.75,-3.76,3.76,3.71,3.14,8.41,8.40,8.39
2494.00,4.74,4.74,-3.74,-3.73,3.73,3.70,3.15,8.47,8.47,8.48
2518.94,4.84,4.84,-3.70,-3.70,3.70,3.70,3.16,8.54,8.54,8.54
2544.13,4.94,4.94,-3.65,-3.66,3.67,3.70,3.17,8.61,8.60,8.59
2569.57,5.02,5.02,-3.63,-3.63,3.64,3.70,3.19,8.66,8.67,8.65
2595.27,5.10,5.10,-3.61,-3.61,3.62,3.71,3.21,8.73,8.73,8.71
2621.22,5.17,5.17,-3.61,-3.61,3.61,3.71,3.22,8.78,8.78,8.78
2647.43,5.23,5.23,-3.60,-3.60,3.60,3.71,3.25,8.83,8.83,8.83
2673.90,5.28,5.28,-3.59,-3.59,3.60,3.71,3.27,8.88,8.88,8.87
2700.64,5.33,5.33,-3.58,-3.59,3.59,3.72,3.30,8.93,8.92,8.91
2727.65,5.37,5.37,-3.59,-3.59,3.59,3.71,3.33,8.96,8.96,8.96
2754.93,5.41,5.41,-3.59,-3.59,3.59,3.71,3.36,9.00,9.00,9.00
2782.48,5.45,5.45,-3.59,-3.59,3.58,3.70,3.40,9.03,9.03,9.04
2810.30,5.49,5.49,-3.59,-3.58,3.57,3.68,3.43,9.06,9.06,9.08
2838.40,5.54,5.54,-3.55,-3.56,3.55,3.66,3.48,9.09,9.09,9.09
2866.79,5.58,5.58,-3.53,-3.53,3.53,3.63,3.52,9.11,9.11,9.11
2895.46,5.63,5.63,-3.50,-3.50,3.50,3.59,3.57,9.13,9.13,9.13
2924.41,5.68,5.68,-3.47,-3.47,3.47,3.54,3.62,9.15,9.15,9.15
2953.65,5.73,5.73,-3.43,-3.44,3.43,3.49,3.67,9.16,9.16,9.16
2983.19,5.78,5.78,-3.40,-3.40,3.39,3.43,3.73,9.18,9.18,9.18
3013.02,5.83,5.83,-3.37,-3.36,3.36,3.36,3.79,9.19,9.19,9.20
3043.15,5.88,5.88,-3.32,-3.33,3.33,3.30,3.85,9.21,9.21,9.20
3073.58,5.92,5.92,-3.29,-3.30,3.30,3.25,3.91,9.22,9.22,9.21
3104.32,5.95,5.95,-3.28,-3.28,3.28,3.21,3.98,9.23,9.23,9.23
3135.36,5.96,5.96,-3.28,-3.28,3.27,3.22,4.05,9.23,9.23,9.24
3166.72,5.95,5.96,-3.29,-3.28,3.27,3.25,4.12,9.23,9.23,9.24
3198.38,5.93,5.93,-3.29,-3.30,3.30,3.33,4.19,9.23,9.23,9.22
3230.37,5.87,5.87,-3.34,-3.34,3.36,3.45,4.27,9.23,9.23,9.21
3262.67,5.78,5.78,-3.41,-3.42,3.44,3.60,4.35,9.22,9.22,9.19
3295.30,5.66,5.66,-3.53,-3.53,3.56,3.78,4.42,9.22,9.21,9.19
3328.25,5.50,5.50,-3.68,-3.68,3.70,3.97,4.50,9.20,9.20,9.18
3361.53,5.30,5.30,-3.86,-3.86,3.88,4.17,4.58,9.18,9.18,9.16
3395.15,5.07,5.07,-4.07,-4.07,4.09,4.36,4.66,9.16,9.16,9.14
3429.10,4.80,4.80,-4.32,-4.32,4.32,4.56,4.74,9.13,9.13,9.12
3463.39,4.50,4.50,-4.59,-4.59,4.59,4.74,4.82,9.09,9.09,9.09
3498.03,4.18,4.18,-4.89,-4.90,4.86,4.91,4.89,9.04,9.04,9.07
3533.01,3.83,3.83,-5.22,-5.21,5.12,5.08,4.97,8.96,8.96,9.05
3568.34,3.47,3.47,-5.55,-5.55,5.37,5.23,5.04,8.84,8.84,9.02
3604.02,3.09,3.09,-5.89,-5.90,5.57,5.38,5.11,8.67,8.67,8.98
3640.06,2.70,2.70,-6.25,-6.25,5.75,5.52,5.17,8.45,8.45,8.95
3676.46,2.31,2.31,-6.60,-6.61,5.88,5.64,5.23,8.19,8.19,8.91
3713.22,1.93,1.93,-6.95,-6.96,5.97,5.76,5.28,7.90,7.90,8.88
3750.36,1.55,1.56,-7.30,-7.29,6.02,5.86,5.33,7.58,7.59,8.85
3787.86,1.23,1.22,-7.58,-7.60,6.05,5.96,5.37,7.28,7.27,8.81
3825.74,0.92,0.93,-7.86,-7.85,6.05,6.02,5.40,6.97,6.97,8.78
3864.00,0.67,0.69,-8.07,-8.05,6.03,6.07,5.42,6.70,6.72,8.74
3902.64,0.53,0.51,-8.17,-8.19,6.01,6.10,5.44,6.54,6.52,8.70
3941.66,0.41,0.42,-8.25,-8.25,6.00,6.10,5.44,6.41,6.42,8.66
3981.08,0.39,0.40,-8.25,-8.24,6.00,6.07,5.44,6.39,6.40,8.64
4020.89,0.45,0.44,-8.15,-8.16,6.01,6.03,5.43,6.46,6.46,8.60
4061.10,0.55,0.56,-8.01,-8.00,6.03,5.96,5.41,6.58,6.59,8.56
4101.71,0.73,0.73,-7.78,-7.79,6.05,5.88,5.38,6.78,6.77,8.51
4142.73,0.93,0.93,-7.55,-7.55,6.05,5.79,5.34,6.98,6.97,8.48
4184.15,1.15,1.15,-7.28,-7.29,6.02,5.68,5.29,7.17,7.17,8.43
4226.00,1.38,1.38,-7.02,-7.02,5.96,5.57,5.23,7.34,7.34,8.40
4268.26,1.62,1.62,-6.74,-6.74,5.87,5.45,5.17,7.49,7.48,8.36
4310.94,1.85,1.85,-6.47,-6.47,5.73,5.33,5.10,7.59,7.59,8.32
4354.05,2.09,2.09,-6.19,-6.19,5.56,5.20,5.02,7.65,7.65,8.28
4397.59,2.32,2.32,-5.92,-5.92,5.35,5.07,4.94,7.68,7.68,8.24
4441.56,2.56,2.56,-5.64,-5.65,5.12,4.93,4.85,7.68,7.67,8.20
4485.98,2.78,2.79,-5.38,-5.38,4.85,4.79,4.75,7.64,7.64,8.16
4530.84,3.01,3.01,-5.10,-5.11,4.58,4.63,4.65,7.59,7.59,8.11
4576.15,3.24,3.24,-4.84,-4.84,4.30,4.47,4.55,7.54,7.54,8.08
4621.91,3.47,3.47,-4.56,-4.56,4.03,4.29,4.45,7.51,7.51,8.03
4668.13,3.71,3.71,-4.28,-4.28,3.78,4.10,4.34,7.49,7.49,7.99
4714.81,3.96,3.96,-3.99,-3.99,3.52,3.89,4.23,7.48,7.48,7.95
4761.96,4.21,4.22,-3.69,-3.69,3.26,3.66,4.12,7.47,7.47,7.90
4809.58,4.48,4.48,-3.39,-3.39,3.00,3.42,4.01,7.48,7.48,7.87
4857.67,4.75,4.76,-3.07,-3.07,2.74,3.14,3.90,7.49,7.50,7.82
4906.25,5.04,5.04,-2.74,-2.74,2.48,2.85,3.79,7.52,7.51,7.78
4955.31,5.32,5.33,-2.41,-2.41,2.21,2.54,3.68,7.53,7.53,7.73
5004.87,5.61,5.62,-2.08,-2.08,1.94,2.21,3.57,7.55,7.55,7.69
5054.91,5.90,5.90,-1.77,-1.77,1.67,1.89,3.47,7.58,7.57,7.67
5105.46,6.17,6.17,-1.46,-1.46,1.42,1.58,3.36,7.59,7.59,7.63
5156.52,6.41,6.41,-1.19,-1.19,1.18,1.36,3.26,7.60,7.60,7.60
5208.08,6.62,6.61,-0.95,-0.96,0.98,1.16,3.16,7.60,7.59,7.57
5260.16,6.75,6.76,-0.79,-0.78,0.81,1.12,3.06,7.57,7.57,7.54
5312.77,6.85,6.84,-0.66,-0.66,0.70,1.11,2.96,7.56,7.55,7.51
5365.89,6.86,6.85,-0.60,-0.61,0.65,1.24,2.86,7.51,7.51,7.46
5419.55,6.80,6.80,-0.62,-0.63,0.67,1.39,2.77,7.47,7.47,7.42
5473.75,6.67,6.67,-0.72,-0.72,0.75,1.59,2.68,7.43,7.42,7.39
5528.49,6.49,6.48,-0.86,-0.88,0.90,1.80,2.59,7.40,7.38,7.35
5583.77,6.23,6.22,-1.09,-1.10,1.11,2.00,2.51,7.35,7.34,7.32
5639.61,5.93,5.92,-1.35,-1.36,1.37,2.20,2.42,7.31,7.30,7.28
5696.00,5.60,5.59,-1.66,-1.67,1.67,2.37,2.34,7.27,7.26,7.26
5752.96,5.24,5.23,-1.99,-2.00,2.00,2.54,2.26,7.24,7.23,7.23
5810.49,4.87,4.86,-2.33,-2.35,2.34,2.70,2.19,7.21,7.20,7.20
5868.60,4.50,4.48,-2.67,-2.69,2.68,2.85,2.11,7.18,7.16,7.17
5927.28,4.13,4.11,-3.01,-3.03,3.02,3.00,2.04,7.15,7.13,7.14
5986.56,3.76,3.75,-3.35,-3.36,3.34,3.15,1.97,7.10,7.09,7.11
6046.42,3.42,3.41,-3.64,-3.65,3.65,3.32,1.90,7.07,7.06,7.06
6106.89,3.09,3.08,-3.90,-3.92,3.94,3.50,1.84,7.03,7.02,6.99
6167.96,2.78,2.79,-4.16,-4.15,4.19,3.69,1.78,6.97,6.98,6.94
6229.64,2.49,2.52,-4.39,-4.36,4.38,3.89,1.71,6.88,6.90,6.88
6291.93,2.24,2.29,-4.58,-4.52,4.51,4.07,1.66,6.75,6.80,6.82
6354.85,2.01,2.11,-4.75,-4.64,4.57,4.25,1.60,6.58,6.67,6.76
6418.40,1.81,1.96,-4.89,-4.71,4.55,4.32,1.54,6.36,6.52,6.70
6482.58,1.63,1.87,-5.00,-4.74,4.47,4.38,1.49,6.10,6.33,6.63
6547.41,1.48,1.82,-5.09,-4.71,4.32,4.27,1.44,5.80,6.14,6.57
6612.88,1.35,1.83,-5.16,-4.63,4.12,4.13,1.39,5.48,5.95,6.51
6679.01,1.25,1.89,-5.20,-4.48,3.88,3.86,1.34,5.13,5.78,6.45
6745.80,1.18,2.01,-5.19,-4.26,3.61,3.58,1.29,4.79,5.63,6.37
6813.26,1.12,2.18,-5.16,-3.98,3.33,3.27,1.24,4.45,5.51,6.28
6881.39,1.09,2.39,-5.10,-3.66,3.04,2.96,1.20,4.14,5.43,6.19
6950.21,1.07,2.62,-5.04,-3.31,2.78,2.69,1.15,3.85,5.40,6.11
7019.71,1.07,2.87,-4.95,-2.95,2.52,2.42,1.11,3.59,5.38,6.02
7089.91,1.08,3.12,-4.85,-2.57,2.25,2.19,1.07,3.34,5.37,5.93
7160.81,1.12,3.36,-4.70,-2.20,1.99,1.96,1.03,3.11,5.35,5.82
7232.41,1.18,3.58,-4.52,-1.85,1.73,1.77,0.98,2.91,5.30,5.70
7304.74,1.26,3.77,-4.32,-1.53,1.47,1.58,0.94,2.73,5.24,5.58
7377.79,1.37,3.94,-4.09,-1.23,1.22,1.42,0.90,2.59,5.16,5.46
7451.56,1.50,4.07,-3.83,-0.97,0.98,1.26,0.86,2.48,5.06,5.33
7526.08,1.66,4.18,-3.55,-0.74,0.76,1.12,0.82,2.42,4.94,5.21
7601.34,1.84,4.25,-3.25,-0.54,0.56,0.98,0.78,2.41,4.81,5.09
7677.35,2.01,4.29,-2.97,-0.37,0.39,0.85,0.73,2.40,4.68,4.98
7754.13,2.19,4.30,-2.67,-0.23,0.24,0.72,0.69,2.43,4.54,4.86
7831.67,2.33,4.29,-2.41,-0.11,0.11,0.60,0.65,2.45,4.40,4.74
7909.98,2.43,4.25,-2.19,-0.01,0.01,0.48,0.60,2.45,4.27,4.62
7989.08,2.47,4.20,-2.03,0.07,-0.06,0.36,0.56,2.41,4.14,4.50
8068.98,2.33,4.13,-2.03,0.13,-0.13,0.25,0.51,2.20,4.00,4.36
8149.67,2.06,4.04,-2.15,0.18,-0.18,0.14,0.47,1.88,3.86,4.21
8231.16,1.60,3.95,-2.46,0.22,-0.22,0.03,0.42,1.38,3.72,4.06
8313.47,0.93,3.84,-2.98,0.25,-0.26,-0.08,0.37,0.67,3.58,3.91
8396.61,0.19,3.74,-3.57,0.29,-0.30,-0.19,0.32,-0.10,3.44,3.76
8480.57,-0.57,3.63,-4.18,0.32,-0.33,-0.30,0.27,-0.90,3.30,3.61
8565.38,-0.90,3.53,-4.34,0.36,-0.37,-0.41,0.22,-1.27,3.16,3.44
8651.03,-0.63,3.43,-3.90,0.40,-0.41,-0.52,0.16,-1.03,3.03,3.27
8737.54,0.47,3.34,-2.63,0.45,-0.44,-0.63,0.11,0.03,2.89,3.10
8824.92,2.08,3.24,-0.85,0.49,-0.48,-0.73,0.05,1.60,2.75,2.93
8913.17,3.32,3.14,0.57,0.53,-0.52,-0.84,-0.01,2.80,2.61,2.75
9002.30,4.36,3.04,1.78,0.57,-0.56,-0.95,-0.06,3.80,2.47,2.58
9092.32,5.11,2.93,2.72,0.61,-0.60,-1.06,-0.12,4.51,2.33,2.39
9183.25,5.51,2.83,3.31,0.65,-0.65,-1.17,-0.18,4.87,2.18,2.20
9275.08,5.72,2.72,3.72,0.69,-0.69,-1.27,-0.24,5.03,2.03,2.00
9367.83,5.82,2.63,4.02,0.74,-0.75,-1.38,-0.31,5.08,1.88,1.80
9461.51,5.83,2.55,4.22,0.80,-0.82,-1.49,-0.37,5.02,1.73,1.61
9556.12,5.80,2.48,4.39,0.88,-0.90,-1.60,-0.43,4.90,1.57,1.41
9651.68,5.77,2.43,4.57,0.97,-1.00,-1.71,-0.50,4.77,1.42,1.20
9748.20,5.75,2.39,4.76,1.09,-1.11,-1.82,-0.56,4.64,1.28,0.99
9845.68,5.77,2.37,4.99,1.22,-1.23,-1.93,-0.63,4.54,1.14,0.78
9944.14,5.81,2.38,5.23,1.36,-1.35,-2.04,-0.70,4.46,1.02,0.58
10043.58,5.88,2.40,5.51,1.53,-1.47,-2.15,-0.77,4.41,0.92,0.37
10144.02,5.97,2.31,5.79,1.62,-1.59,-2.25,-0.84,4.38,0.72,0.18
10245.46,6.08,2.22,6.09,1.71,-1.70,-2.36,-0.91,4.38,0.52,-0.01
10347.91,6.19,2.13,6.38,1.80,-1.81,-2.47,-0.99,4.38,0.32,-0.19
10451.39,6.33,2.04,6.71,1.89,-1.91,-2.58,-1.07,4.43,0.13,-0.38
10555.91,6.49,1.95,7.06,1.99,-2.00,-2.69,-1.14,4.50,-0.05,-0.57
10661.46,6.66,1.85,7.42,2.08,-2.08,-2.79,-1.22,4.58,-0.23,-0.76
10768.08,6.85,1.75,7.81,2.17,-2.17,-2.90,-1.31,4.68,-0.42,-0.96
10875.76,7.04,1.65,8.20,2.26,-2.26,-3.01,-1.39,4.78,-0.61,-1.16
10984.52,7.19,1.55,8.54,2.36,-2.36,-3.11,-1.48,4.84,-0.80,-1.35
11094.36,7.30,1.45,8.85,2.45,-2.45,-3.22,-1.57,4.85,-1.00,-1.55
11205.31,7.31,1.34,9.06,2.54,-2.54,-3.32,-1.67,4.77,-1.20,-1.75
11317.36,7.12,1.24,9.08,2.64,-2.64,-3.42,-1.76,4.49,-1.40,-1.96
11430.53,6.80,1.13,8.97,2.73,-2.73,-3.52,-1.87,4.07,-1.60,-2.17
11544.84,6.22,1.02,8.60,2.82,-2.82,-3.62,-1.97,3.40,-1.81,-2.38
11660.29,5.47,0.90,8.06,2.92,-2.92,-3.72,-2.09,2.56,-2.01,-2.59
11776.89,4.66,0.79,7.46,3.01,-3.01,-3.81,-2.20,1.65,-2.22,-2.80
11894.66,3.70,0.67,6.68,3.11,-3.11,-3.91,-2.32,0.60,-2.44,-2.98
12013.60,2.72,0.55,5.89,3.20,-3.20,-4.00,-2.45,-0.48,-2.65,-3.17
12133.74,1.72,0.43,5.07,3.30,-3.30,-4.09,-2.58,-1.57,-2.86,-3.35
12255.08,0.73,0.31,4.27,3.39,-3.39,-4.18,-2.72,-2.66,-3.08,-3.54
12377.63,-0.25,0.18,3.47,3.49,-3.49,-4.27,-2.87,-3.74,-3.30,-3.72
12501.41,-1.17,0.06,2.73,3.58,-3.58,-4.35,-3.03,-4.75,-3.53,-3.90
12626.42,-1.99,-0.07,2.10,3.68,-3.68,-4.43,-3.20,-5.67,-3.75,-4.09
12752.68,-2.71,-0.20,1.56,3.78,-3.78,-4.51,-3.37,-6.49,-3.98,-4.27
12880.21,-3.22,-0.33,1.24,3.87,-3.87,-4.59,-3.56,-7.09,-4.21,-4.46
13009.01,-3.63,-0.47,1.02,3.97,-3.97,-4.67,-3.76,-7.60,-4.44,-4.65
13139.10,-4.04,-0.60,0.80,4.07,-4.07,-4.74,-3.98,-8.11,-4.67,-4.84
13270.49,-4.29,-0.74,0.73,4.17,-4.17,-4.81,-4.20,-8.45,-4.91,-5.02
13403.20,-4.52,-0.88,0.67,4.26,-4.26,-4.88,-4.45,-8.78,-5.15,-5.19
13537.23,-4.80,-1.02,0.57,4.36,-4.36,-4.94,-4.70,-9.16,-5.39,-5.37
13672.60,-5.04,-1.17,0.51,4.46,-4.46,-5.01,-4.99,-9.50,-5.63,-5.55
13809.33,-5.27,-1.31,0.45,4.56,-4.56,-5.07,-5.28,-9.83,-5.87,-5.72
13947.42,-5.46,-1.46,0.43,4.66,-4.66,-5.13,-5.61,-10.12,-6.12,-5.89
14086.90,-5.67,-1.61,0.40,4.76,-4.76,-5.18,-5.96,-10.43,-6.37,-6.07
14227.77,-5.88,-1.76,0.35,4.86,-4.86,-5.24,-6.34,-10.73,-6.62,-6.23
14370.04,-6.09,-1.91,0.30,4.96,-4.96,-5.29,-6.73,-11.04,-6.87,-6.39
14513.74,-6.29,-2.07,0.27,5.06,-5.06,-5.34,-7.17,-11.34,-7.13,-6.56
14658.88,-6.42,-2.23,0.30,5.16,-5.16,-5.38,-7.63,-11.58,-7.38,-6.72
14805.47,-6.50,-2.39,0.39,5.26,-5.26,-5.43,-8.13,-11.76,-7.64,-6.89
14953.52,-6.48,-2.55,0.57,5.36,-5.36,-5.47,-8.64,-11.84,-7.91,-7.05
15103.06,-6.33,-2.71,0.92,5.46,-5.46,-5.51,-9.19,-11.79,-8.17,-7.25
15254.09,-6.11,-2.88,1.36,5.56,-5.56,-5.55,-9.73,-11.67,-8.44,-7.47
15406.63,-5.74,-3.04,1.95,5.66,-5.66,-5.58,-10.26,-11.40,-8.71,-7.69
15560.70,-5.30,-3.21,2.61,5.76,-5.76,-5.62,-10.74,-11.06,-8.98,-7.91
15716.30,-4.76,-3.38,3.37,5.87,-5.87,-5.65,-11.11,-10.62,-9.25,-8.13
15873.47,-4.12,-3.56,4.23,5.97,-5.97,-5.68,-11.37,-10.09,-9.52,-8.35
16032.20,-3.47,-3.73,5.11,6.07,-6.07,-5.70,-11.40,-9.54,-9.80,-8.58
16192.52,-2.83,-3.91,6.07,6.17,-6.17,-5.73,-11.29,-9.00,-10.08,-8.90
16354.45,-2.34,-4.09,6.86,6.28,-6.28,-5.75,-10.90,-8.62,-10.36,-9.20
16517.99,-1.98,-4.27,7.53,6.38,-6.38,-5.78,-10.41,-8.36,-10.65,-9.51
16683.17,-1.90,-4.45,7.93,6.48,-6.48,-5.80,-9.75,-8.38,-10.93,-9.83
16850.01,-2.00,-4.63,8.13,6.59,-6.59,-5.82,-9.05,-8.59,-11.22,-10.13
17018.51,-2.21,-4.82,8.25,6.69,-6.69,-5.84,-8.30,-8.90,-11.51,-10.46
17188.69,-2.50,-5.01,8.37,6.80,-6.80,-5.85,-7.56,-9.29,-11.80,-10.87
17360.58,-2.72,-5.20,8.58,6.90,-6.90,-5.87,-6.84,-9.62,-12.10,-11.30
17534.18,-2.88,-5.39,8.85,7.01,-7.01,-5.88,-6.15,-9.88,-12.40,-11.73
17709.53,-2.88,-5.58,9.26,7.11,-7.11,-5.90,-5.51,-9.99,-12.70,-12.14
17886.62,-2.76,-5.78,9.81,7.22,-7.22,-5.91,-4.90,-9.98,-13.00,-12.57
18065.49,-2.61,-5.98,10.43,7.32,-7.32,-5.92,-4.35,-9.93,-13.30,-13.04
18246.14,-2.47,-6.18,11.10,7.43,-7.43,-5.93,-3.84,-9.90,-13.61,-13.57
18428.60,-2.72,-6.38,11.40,7.54,-7.54,-5.94,-3.37,-10.25,-13.91,-14.12
18612.89,-3.39,-6.58,11.27,7.64,-7.64,-5.95,-2.94,-11.03,-14.22,-14.66
18799.02,-4.44,-6.79,10.77,7.75,-7.75,-5.96,-2.56,-12.19,-14.54,-15.21
18987.01,-5.89,-6.99,9.85,7.86,-7.86,-5.96,-2.20,-13.74,-14.85,-15.74
19176.88,-7.56,-7.20,8.81,7.96,-7.96,-5.97,-1.88,-15.52,-15.17,-16.37
19368.65,-9.34,-7.42,7.67,8.07,-8.07,-5.98,-1.60,-17.41,-15.49,-17.01
19562.33,-11.25,-7.63,6.39,8.18,-8.18,-5.98,-1.34,-19.43,-15.81,-17.64
19757.96,-13.33,-7.84,4.93,8.29,-8.29,-5.99,-1.09,-21.61,-16.13,-18.26
19955.54,-15.42,-8.06,3.48,8.40,-8.40,-5.99,-0.83,-23.81,-16.46,-18.90
