frequency,raw,smoothed,error,error_smoothed,equalization,parametric_eq,fixed_band_eq,equalized_raw,equalized_smoothed,target
20.00,7.18,7.18,0.16,0.17,-0.17,-0.43,-0.33,7.01,7.02,7.02
20.20,7.20,7.20,0.19,0.18,-0.18,-0.43,-0.34,7.02,7.02,7.02
20.40,7.21,7.21,0.20,0.20,-0.20,-0.43,-0.35,7.01,7.01,7.01
20.61,7.23,7.23,0.22,0.22,-0.22,-0.43,-0.36,7.01,7.01,7.01
20.81,7.25,7.25,0.24,0.23,-0.23,-0.43,-0.37,7.02,7.01,7.01
21.02,7.26,7.26,0.25,0.25,-0.25,-0.43,-0.38,7.01,7.01,7.01
21.23,7.28,7.28,0.27,0.27,-0.27,-0.43,-0.39,7.01,7.01,7.01
21.44,7.29,7.29,0.28,0.28,-0.28,-0.44,-0.40,7.01,7.01,7.01
21.66,7.31,7.31,0.30,0.30,-0.30,-0.44,-0.41,7.01,7.01,7.01
21.87,7.32,7.32,0.31,0.31,-0.32,-0.44,-0.43,7.01,7.01,7.01
22.09,7.34,7.34,0.33,0.33,-0.33,-0.44,-0.44,7.01,7.01,7.01
22.31,7.36,7.36,0.35,0.35,-0.35,-0.44,-0.45,7.01,7.01,7.01
22.54,7.37,7.37,0.36,0.37,-0.37,-0.44,-0.46,7.01,7.01,7.01
22.76,7.39,7.39,0.38,0.38,-0.38,-0.45,-0.48,7.01,7.01,7.01
22.99,7.40,7.40,0.40,0.40,-0.40,-0.45,-0.49,7.00,7.00,7.01
23.22,7.42,7.42,0.42,0.41,-0.41,-0.45,-0.51,7.01,7.00,7.00
23.45,7.43,7.43,0.43,0.43,-0.43,-0.45,-0.52,7.00,7.00,7.00
23.69,7.45,7.45,0.45,0.45,-0.44,-0.45,-0.54,7.01,7.00,7.00
23.92,7.46,7.46,0.46,0.46,-0.46,-0.45,-0.55,7.00,7.00,7.00
24.16,7.47,7.47,0.47,0.47,-0.47,-0.46,-0.57,7.00,7.00,7.00
24.40,7.48,7.48,0.48,0.49,-0.49,-0.46,-0.58,6.99,7.00,7.00
24.65,7.50,7.50,0.50,0.50,-0.50,-0.46,-0.60,7.00,7.00,7.00
24.89,7.51,7.51,0.51,0.51,-0.51,-0.46,-0.61,7.00,7.00,7.00
25.14,7.52,7.52,0.53,0.53,-0.53,-0.46,-0.63,7.00,7.00,6.99
25.39,7.53,7.53,0.54,0.54,-0.54,-0.47,-0.64,6.99,6.99,6.99
25.65,7.54,7.54,0.55,0.55,-0.55,-0.47,-0.66,6.99,6.99,6.99
25.91,7.55,7.55,0.56,0.56,-0.56,-0.47,-0.67,6.99,6.99,6.99
26.16,7.56,7.56,0.57,0.57,-0.57,-0.47,-0.69,6.99,6.99,6.99
26.43,7.57,7.57,0.58,0.58,-0.58,-0.48,-0.71,6.99,6.99,6.99
26.69,7.58,7.58,0.60,0.60,-0.60,-0.48,-0.72,6.98,6.98,6.99
26.96,7.59,7.59,0.61,0.61,-0.61,-0.48,-0.74,6.98,6.98,6.98
27.23,7.60,7.60,0.62,0.62,-0.62,-0.48,-0.75,6.98,6.98,6.98
27.50,7.61,7.61,0.63,0.63,-0.63,-0.49,-0.77,6.98,6.98,6.98
27.77,7.62,7.62,0.64,0.64,-0.64,-0.49,-0.78,6.98,6.98,6.98
28.05,7.62,7.63,0.64,0.65,-0.65,-0.49,-0.79,6.97,6.98,6.98
28.33,7.63,7.63,0.66,0.66,-0.66,-0.49,-0.81,6.97,6.97,6.97
28.62,7.64,7.64,0.67,0.67,-0.67,-0.50,-0.82,6.97,6.97,6.97
28.90,7.64,7.64,0.67,0.67,-0.67,-0.50,-0.83,6.97,6.97,6.97
29.19,7.65,7.65,0.68,0.68,-0.68,-0.50,-0.84,6.97,6.97,6.97
29.48,7.65,7.65,0.69,0.69,-0.69,-0.50,-0.85,6.96,6.96,6.96
29.78,7.65,7.65,0.69,0.69,-0.69,-0.51,-0.86,6.96,6.96,6.96
30.08,7.66,7.66,0.70,0.70,-0.70,-0.51,-0.86,6.96,6.96,6.96
30.38,7.66,7.66,0.70,0.70,-0.70,-0.51,-0.87,6.96,6.96,6.96
30.68,7.66,7.66,0.71,0.71,-0.71,-0.52,-0.87,6.95,6.96,6.95
30.99,7.66,7.66,0.71,0.71,-0.71,-0.52,-0.88,6.95,6.95,6.95
31.30,7.66,7.66,0.71,0.71,-0.71,-0.52,-0.88,6.95,6.95,6.95
31.61,7.66,7.66,0.72,0.72,-0.72,-0.53,-0.88,6.94,6.94,6.95
31.93,7.66,7.66,0.72,0.72,-0.72,-0.53,-0.88,6.94,6.94,6.94
32.24,7.66,7.66,0.72,0.72,-0.72,-0.53,-0.88,6.94,6.94,6.94
32.57,7.66,7.66,0.73,0.73,-0.73,-0.54,-0.88,6.93,6.93,6.93
32.89,7.66,7.66,0.73,0.73,-0.73,-0.54,-0.88,6.93,6.93,6.93
33.22,7.66,7.66,0.73,0.73,-0.73,-0.54,-0.87,6.93,6.93,6.93
33.55,7.66,7.66,0.74,0.74,-0.74,-0.55,-0.87,6.92,6.93,6.92
33.89,7.66,7.66,0.74,0.74,-0.74,-0.55,-0.86,6.92,6.92,6.92
34.23,7.66,7.66,0.75,0.74,-0.74,-0.56,-0.85,6.92,6.92,6.92
34.57,7.65,7.65,0.74,0.74,-0.74,-0.56,-0.85,6.91,6.91,6.91
34.92,7.65,7.65,0.74,0.74,-0.75,-0.56,-0.84,6.91,6.91,6.91
35.27,7.65,7.65,0.75,0.74,-0.75,-0.57,-0.83,6.90,6.90,6.90
35.62,7.64,7.64,0.74,0.75,-0.75,-0.57,-0.82,6.89,6.90,6.90
35.97,7.64,7.64,0.75,0.75,-0.75,-0.58,-0.81,6.89,6.89,6.89
36.33,7.64,7.64,0.75,0.75,-0.75,-0.58,-0.80,6.89,6.89,6.89
36.70,7.63,7.63,0.75,0.75,-0.75,-0.59,-0.79,6.88,6.88,6.88
37.06,7.63,7.63,0.76,0.75,-0.75,-0.59,-0.78,6.88,6.88,6.88
37.43,7.62,7.62,0.75,0.75,-0.75,-0.59,-0.77,6.87,6.87,6.87
37.81,7.62,7.62,0.76,0.76,-0.76,-0.60,-0.75,6.87,6.86,6.86
38.19,7.61,7.61,0.75,0.76,-0.76,-0.60,-0.74,6.85,6.86,6.86
38.57,7.61,7.61,0.76,0.76,-0.76,-0.61,-0.73,6.85,6.85,6.85
38.95,7.60,7.60,0.76,0.76,-0.76,-0.61,-0.72,6.84,6.84,6.84
39.34,7.59,7.59,0.75,0.76,-0.76,-0.62,-0.71,6.83,6.84,6.84
39.74,7.59,7.59,0.76,0.76,-0.76,-0.62,-0.70,6.83,6.83,6.83
40.14,7.58,7.58,0.76,0.76,-0.76,-0.63,-0.69,6.82,6.83,6.82
40.54,7.57,7.57,0.76,0.76,-0.75,-0.64,-0.68,6.82,6.82,6.81
40.94,7.56,7.56,0.75,0.75,-0.75,-0.64,-0.67,6.81,6.81,6.81
41.35,7.54,7.54,0.74,0.75,-0.75,-0.65,-0.66,6.79,6.80,6.80
41.76,7.53,7.53,0.74,0.74,-0.75,-0.65,-0.65,6.78,6.79,6.79
42.18,7.52,7.52,0.74,0.74,-0.74,-0.66,-0.64,6.78,6.78,6.78
42.60,7.51,7.51,0.74,0.74,-0.74,-0.66,-0.63,6.77,6.77,6.77
43.03,7.50,7.50,0.74,0.74,-0.74,-0.67,-0.62,6.76,6.76,6.76
43.46,7.48,7.48,0.73,0.73,-0.73,-0.68,-0.62,6.75,6.75,6.75
43.90,7.47,7.47,0.73,0.73,-0.73,-0.68,-0.61,6.74,6.74,6.74
44.33,7.46,7.46,0.73,0.73,-0.73,-0.69,-0.60,6.73,6.73,6.73
44.78,7.45,7.45,0.73,0.73,-0.73,-0.70,-0.60,6.72,6.72,6.72
45.23,7.43,7.44,0.72,0.73,-0.73,-0.70,-0.59,6.70,6.71,6.71
45.68,7.42,7.42,0.73,0.73,-0.73,-0.71,-0.58,6.69,6.70,6.69
46.13,7.41,7.41,0.73,0.72,-0.72,-0.72,-0.58,6.69,6.68,6.68
46.60,7.39,7.39,0.72,0.72,-0.72,-0.72,-0.57,6.67,6.67,6.67
47.06,7.37,7.37,0.72,0.72,-0.72,-0.73,-0.57,6.65,6.65,6.66
47.53,7.36,7.36,0.72,0.72,-0.72,-0.74,-0.57,6.64,6.64,6.64
48.01,7.34,7.34,0.71,0.72,-0.72,-0.75,-0.56,6.63,6.63,6.63
48.49,7.33,7.33,0.72,0.71,-0.71,-0.75,-0.56,6.62,6.61,6.61
48.97,7.31,7.31,0.71,0.71,-0.71,-0.76,-0.56,6.60,6.60,6.60
49.46,7.29,7.29,0.71,0.71,-0.71,-0.77,-0.56,6.58,6.58,6.58
49.96,7.28,7.28,0.72,0.71,-0.71,-0.78,-0.55,6.57,6.56,6.56
50.46,7.26,7.26,0.71,0.71,-0.72,-0.79,-0.55,6.55,6.55,6.55
50.96,7.25,7.25,0.72,0.72,-0.72,-0.79,-0.55,6.53,6.53,6.53
51.47,7.23,7.23,0.72,0.72,-0.72,-0.80,-0.55,6.51,6.51,6.51
51.99,7.22,7.22,0.73,0.72,-0.72,-0.81,-0.55,6.50,6.49,6.49
52.51,7.20,7.20,0.73,0.73,-0.73,-0.82,-0.55,6.47,6.47,6.47
53.03,7.18,7.19,0.73,0.73,-0.73,-0.83,-0.56,6.45,6.45,6.45
53.56,7.17,7.17,0.74,0.73,-0.73,-0.84,-0.56,6.44,6.43,6.43
54.10,7.15,7.15,0.74,0.74,-0.74,-0.85,-0.56,6.41,6.41,6.41
54.64,7.13,7.14,0.74,0.74,-0.74,-0.86,-0.56,6.39,6.39,6.39
55.18,7.12,7.12,0.75,0.75,-0.75,-0.87,-0.57,6.37,6.37,6.37
55.74,7.10,7.10,0.76,0.76,-0.75,-0.88,-0.57,6.35,6.35,6.34
56.29,7.08,7.08,0.76,0.76,-0.76,-0.89,-0.58,6.32,6.32,6.32
56.86,7.06,7.06,0.77,0.77,-0.77,-0.90,-0.58,6.29,6.29,6.30
57.42,7.04,7.04,0.77,0.77,-0.78,-0.91,-0.59,6.26,6.27,6.27
58.00,7.03,7.03,0.79,0.78,-0.78,-0.92,-0.59,6.25,6.24,6.24
58.58,7.01,7.01,0.79,0.79,-0.79,-0.93,-0.60,6.22,6.22,6.22
59.16,6.99,6.99,0.80,0.80,-0.80,-0.94,-0.61,6.19,6.19,6.19
59.76,6.97,6.97,0.81,0.81,-0.81,-0.95,-0.62,6.16,6.16,6.16
60.35,6.95,6.95,0.82,0.82,-0.82,-0.97,-0.63,6.13,6.13,6.13
60.96,6.93,6.93,0.83,0.83,-0.83,-0.98,-0.64,6.10,6.10,6.10
61.57,6.90,6.90,0.83,0.84,-0.84,-0.99,-0.65,6.06,6.07,6.07
62.18,6.88,6.88,0.85,0.85,-0.85,-1.00,-0.66,6.03,6.03,6.04
62.80,6.86,6.86,0.86,0.86,-0.86,-1.02,-0.67,6.00,6.00,6.00
63.43,6.84,6.84,0.87,0.87,-0.87,-1.03,-0.68,5.97,5.97,5.97
64.07,6.81,6.81,0.88,0.88,-0.88,-1.04,-0.69,5.93,5.93,5.93
64.71,6.79,6.79,0.89,0.89,-0.89,-1.05,-0.71,5.90,5.90,5.90
65.35,6.76,6.76,0.90,0.90,-0.90,-1.07,-0.72,5.86,5.86,5.86
66.01,6.74,6.74,0.92,0.92,-0.92,-1.08,-0.74,5.82,5.82,5.82
66.67,6.71,6.71,0.93,0.93,-0.93,-1.10,-0.75,5.78,5.78,5.78
67.33,6.68,6.69,0.94,0.94,-0.94,-1.11,-0.77,5.74,5.74,5.74
68.01,6.66,6.66,0.96,0.96,-0.96,-1.13,-0.79,5.70,5.70,5.70
68.69,6.63,6.63,0.97,0.97,-0.97,-1.14,-0.81,5.66,5.66,5.66
69.37,6.60,6.60,0.98,0.99,-0.99,-1.16,-0.83,5.61,5.62,5.62
70.07,6.58,6.58,1.01,1.01,-1.00,-1.17,-0.85,5.58,5.57,5.57
70.77,6.55,6.55,1.02,1.02,-1.02,-1.19,-0.87,5.53,5.53,5.53
71.48,6.52,6.52,1.04,1.04,-1.04,-1.20,-0.89,5.48,5.48,5.48
72.19,6.49,6.49,1.06,1.06,-1.06,-1.22,-0.91,5.43,5.43,5.43
72.91,6.46,6.46,1.08,1.08,-1.08,-1.24,-0.94,5.38,5.38,5.39
73.64,6.43,6.43,1.09,1.09,-1.10,-1.25,-0.96,5.34,5.34,5.34
74.38,6.40,6.40,1.11,1.11,-1.12,-1.27,-0.99,5.29,5.29,5.29
75.12,6.37,6.37,1.14,1.14,-1.14,-1.29,-1.01,5.23,5.23,5.23
75.87,6.34,6.34,1.16,1.16,-1.16,-1.31,-1.04,5.18,5.18,5.18
76.63,6.31,6.31,1.18,1.18,-1.18,-1.33,-1.07,5.13,5.13,5.13
77.40,6.28,6.28,1.21,1.21,-1.21,-1.34,-1.10,5.07,5.07,5.07
78.17,6.25,6.25,1.23,1.23,-1.23,-1.36,-1.13,5.02,5.02,5.02
78.95,6.22,6.22,1.26,1.26,-1.26,-1.38,-1.16,4.96,4.96,4.96
79.74,6.19,6.19,1.28,1.28,-1.29,-1.40,-1.19,4.90,4.91,4.91
80.54,6.16,6.16,1.31,1.31,-1.31,-1.42,-1.23,4.85,4.85,4.85
81.35,6.13,6.13,1.34,1.34,-1.34,-1.44,-1.26,4.79,4.79,4.79
82.16,6.10,6.10,1.37,1.37,-1.37,-1.46,-1.30,4.73,4.73,4.73
82.98,6.07,6.07,1.40,1.40,-1.40,-1.49,-1.33,4.67,4.67,4.67
83.81,6.04,6.04,1.44,1.43,-1.43,-1.51,-1.37,4.61,4.61,4.61
84.65,6.00,6.00,1.46,1.46,-1.46,-1.53,-1.41,4.54,4.54,4.54
85.50,5.97,5.97,1.49,1.49,-1.49,-1.55,-1.45,4.48,4.48,4.48
86.35,5.94,5.94,1.53,1.53,-1.53,-1.57,-1.49,4.41,4.41,4.41
87.22,5.91,5.91,1.56,1.56,-1.56,-1.60,-1.54,4.35,4.35,4.35
88.09,5.88,5.88,1.60,1.59,-1.59,-1.62,-1.58,4.29,4.28,4.28
88.97,5.84,5.85,1.62,1.63,-1.63,-1.64,-1.63,4.21,4.22,4.22
89.86,5.81,5.81,1.66,1.66,-1.66,-1.67,-1.67,4.15,4.15,4.15
90.76,5.78,5.78,1.70,1.70,-1.70,-1.69,-1.72,4.08,4.08,4.08
91.66,5.74,5.74,1.73,1.73,-1.73,-1.72,-1.77,4.01,4.01,4.01
92.58,5.71,5.71,1.77,1.77,-1.77,-1.74,-1.82,3.94,3.94,3.94
93.51,5.68,5.68,1.81,1.80,-1.80,-1.77,-1.87,3.88,3.87,3.87
94.44,5.64,5.64,1.84,1.84,-1.84,-1.80,-1.93,3.80,3.80,3.80
95.39,5.61,5.61,1.88,1.88,-1.88,-1.82,-1.98,3.74,3.73,3.73
96.34,5.57,5.57,1.91,1.91,-1.91,-1.85,-2.03,3.66,3.66,3.66
97.30,5.54,5.54,1.95,1.95,-1.95,-1.88,-2.09,3.59,3.59,3.59
98.28,5.50,5.50,1.98,1.99,-1.98,-1.90,-2.14,3.52,3.52,3.52
99.26,5.47,5.47,2.02,2.02,-2.02,-1.93,-2.20,3.45,3.45,3.45
100.25,5.43,5.43,2.06,2.06,-2.06,-1.96,-2.26,3.37,3.37,3.37
101.25,5.39,5.39,2.09,2.09,-2.09,-1.99,-2.32,3.30,3.30,3.30
102.27,5.36,5.36,2.13,2.13,-2.13,-2.02,-2.37,3.23,3.23,3.23
103.29,5.32,5.32,2.17,2.17,-2.17,-2.05,-2.43,3.15,3.15,3.15
104.32,5.28,5.29,2.20,2.20,-2.20,-2.08,-2.49,3.08,3.08,3.08
105.37,5.25,5.25,2.24,2.24,-2.24,-2.11,-2.55,3.01,3.01,3.01
106.42,5.21,5.21,2.27,2.27,-2.27,-2.14,-2.60,2.94,2.94,2.94
107.48,5.17,5.17,2.31,2.31,-2.31,-2.17,-2.66,2.86,2.86,2.86
108.56,5.13,5.13,2.34,2.34,-2.34,-2.20,-2.72,2.79,2.79,2.79
109.64,5.09,5.09,2.37,2.38,-2.38,-2.23,-2.77,2.71,2.72,2.72
110.74,5.06,5.06,2.42,2.41,-2.41,-2.26,-2.82,2.65,2.64,2.64
111.85,5.02,5.02,2.45,2.45,-2.45,-2.29,-2.87,2.57,2.57,2.57
112.97,4.98,4.98,2.48,2.48,-2.48,-2.32,-2.92,2.50,2.50,2.50
114.10,4.94,4.94,2.51,2.51,-2.51,-2.36,-2.97,2.43,2.43,2.43
115.24,4.90,4.90,2.54,2.54,-2.54,-2.39,-3.01,2.36,2.36,2.36
116.39,4.86,4.86,2.57,2.57,-2.58,-2.42,-3.05,2.29,2.29,2.29
117.55,4.82,4.82,2.60,2.60,-2.61,-2.45,-3.08,2.22,2.22,2.22
118.73,4.78,4.78,2.63,2.63,-2.64,-2.48,-3.12,2.15,2.15,2.15
119.92,4.74,4.74,2.66,2.66,-2.66,-2.51,-3.15,2.08,2.08,2.08
121.12,4.70,4.70,2.69,2.69,-2.69,-2.55,-3.17,2.01,2.01,2.01
122.33,4.66,4.66,2.72,2.72,-2.72,-2.58,-3.19,1.94,1.94,1.94
123.55,4.62,4.62,2.75,2.75,-2.75,-2.61,-3.21,1.87,1.87,1.87
124.79,4.58,4.58,2.78,2.77,-2.77,-2.64,-3.22,1.81,1.81,1.81
126.03,4.54,4.54,2.80,2.80,-2.80,-2.67,-3.23,1.74,1.74,1.74
127.29,4.49,4.49,2.82,2.82,-2.82,-2.70,-3.23,1.67,1.67,1.67
128.57,4.45,4.45,2.84,2.84,-2.84,-2.73,-3.24,1.61,1.61,1.61
129.85,4.41,4.41,2.87,2.86,-2.86,-2.76,-3.23,1.55,1.54,1.55
131.15,4.37,4.37,2.89,2.89,-2.88,-2.79,-3.22,1.49,1.48,1.48
132.46,4.32,4.32,2.90,2.90,-2.90,-2.82,-3.21,1.42,1.42,1.42
133.79,4.28,4.28,2.92,2.92,-2.92,-2.85,-3.20,1.36,1.36,1.36
135.12,4.24,4.24,2.94,2.94,-2.94,-2.87,-3.18,1.30,1.30,1.30
136.48,4.19,4.20,2.95,2.96,-2.96,-2.90,-3.16,1.24,1.24,1.24
137.84,4.15,4.15,2.97,2.97,-2.97,-2.93,-3.13,1.18,1.18,1.18
139.22,4.11,4.11,2.99,2.98,-2.98,-2.95,-3.11,1.13,1.12,1.12
140.61,4.06,4.06,2.99,3.00,-3.00,-2.97,-3.08,1.06,1.07,1.07
142.02,4.02,4.02,3.01,3.01,-3.01,-3.00,-3.05,1.01,1.01,1.01
143.44,3.97,3.97,3.01,3.02,-3.02,-3.02,-3.02,0.95,0.95,0.96
144.87,3.93,3.93,3.03,3.03,-3.03,-3.04,-2.99,0.90,0.90,0.90
146.32,3.88,3.88,3.03,3.03,-3.04,-3.06,-2.95,0.84,0.85,0.85
147.78,3.84,3.84,3.04,3.04,-3.04,-3.08,-2.92,0.80,0.80,0.80
149.26,3.80,3.80,3.05,3.05,-3.05,-3.09,-2.89,0.75,0.75,0.75
150.75,3.75,3.75,3.05,3.06,-3.05,-3.11,-2.85,0.70,0.70,0.70
152.26,3.71,3.71,3.06,3.06,-3.06,-3.13,-2.82,0.65,0.65,0.65
153.78,3.66,3.66,3.06,3.06,-3.06,-3.14,-2.79,0.60,0.60,0.60
155.32,3.62,3.62,3.07,3.06,-3.06,-3.15,-2.75,0.56,0.56,0.56
156.88,3.57,3.57,3.06,3.06,-3.06,-3.16,-2.72,0.51,0.51,0.51
158.44,3.53,3.53,3.06,3.06,-3.07,-3.17,-2.69,0.46,0.46,0.47
160.03,3.48,3.48,3.06,3.07,-3.07,-3.18,-2.66,0.41,0.42,0.42
161.63,3.44,3.44,3.07,3.07,-3.07,-3.18,-2.64,0.37,0.37,0.37
163.24,3.40,3.40,3.07,3.07,-3.07,-3.19,-2.61,0.33,0.33,0.33
164.88,3.35,3.35,3.06,3.07,-3.06,-3.19,-2.58,0.29,0.29,0.29
166.53,3.31,3.31,3.06,3.06,-3.06,-3.19,-2.56,0.25,0.25,0.25
168.19,3.27,3.27,3.06,3.06,-3.06,-3.19,-2.54,0.21,0.21,0.21
169.87,3.23,3.23,3.06,3.05,-3.05,-3.18,-2.52,0.18,0.17,0.17
171.57,3.18,3.18,3.04,3.05,-3.05,-3.18,-2.50,0.13,0.14,0.14
173.29,3.14,3.14,3.04,3.04,-3.04,-3.17,-2.49,0.10,0.10,0.10
175.02,3.10,3.10,3.03,3.03,-3.03,-3.16,-2.47,0.07,0.07,0.07
176.77,3.06,3.06,3.03,3.03,-3.03,-3.16,-2.46,0.04,0.03,0.03
178.54,3.02,3.02,3.02,3.02,-3.02,-3.14,-2.45,0.00,0.00,0.00
180.32,2.97,2.97,3.00,3.01,-3.01,-3.13,-2.44,-0.03,-0.03,-0.03
182.13,2.93,2.93,2.99,2.99,-2.99,-3.12,-2.44,-0.06,-0.06,-0.06
183.95,2.89,2.89,2.98,2.98,-2.98,-3.10,-2.43,-0.09,-0.09,-0.09
185.79,2.85,2.85,2.97,2.97,-2.97,-3.08,-2.43,-0.12,-0.12,-0.12
187.65,2.80,2.80,2.95,2.95,-2.95,-3.06,-2.43,-0.15,-0.15,-0.15
189.52,2.76,2.76,2.94,2.94,-2.94,-3.04,-2.43,-0.18,-0.18,-0.18
191.42,2.72,2.72,2.92,2.92,-2.92,-3.02,-2.43,-0.20,-0.20,-0.20
193.33,2.68,2.68,2.91,2.91,-2.91,-3.00,-2.44,-0.23,-0.23,-0.23
195.27,2.63,2.64,2.89,2.89,-2.89,-2.97,-2.44,-0.26,-0.25,-0.25
197.22,2.59,2.59,2.87,2.87,-2.87,-2.95,-2.45,-0.28,-0.28,-0.28
199.19,2.55,2.55,2.85,2.85,-2.85,-2.92,-2.46,-0.30,-0.30,-0.30
201.18,2.50,2.50,2.83,2.83,-2.83,-2.89,-2.47,-0.33,-0.32,-0.33
203.19,2.46,2.46,2.81,2.81,-2.81,-2.87,-2.48,-0.35,-0.35,-0.35
205.23,2.41,2.41,2.78,2.78,-2.78,-2.84,-2.49,-0.37,-0.37,-0.37
207.28,2.37,2.37,2.76,2.76,-2.76,-2.81,-2.50,-0.39,-0.39,-0.39
209.35,2.32,2.32,2.73,2.73,-2.73,-2.77,-2.51,-0.41,-0.41,-0.41
211.44,2.28,2.28,2.71,2.71,-2.71,-2.74,-2.53,-0.43,-0.43,-0.43
213.56,2.23,2.23,2.68,2.68,-2.68,-2.71,-2.54,-0.45,-0.45,-0.45
215.69,2.19,2.19,2.66,2.66,-2.65,-2.67,-2.55,-0.46,-0.47,-0.47
217.85,2.14,2.14,2.62,2.63,-2.63,-2.64,-2.56,-0.49,-0.48,-0.48
220.03,2.10,2.10,2.60,2.60,-2.60,-2.60,-2.57,-0.50,-0.50,-0.50
222.23,2.05,2.05,2.57,2.57,-2.57,-2.57,-2.59,-0.52,-0.52,-0.52
224.45,2.01,2.01,2.54,2.54,-2.54,-2.53,-2.60,-0.53,-0.53,-0.53
226.70,1.96,1.96,2.51,2.51,-2.51,-2.50,-2.60,-0.55,-0.55,-0.55
228.96,1.92,1.92,2.48,2.48,-2.48,-2.46,-2.61,-0.56,-0.57,-0.56
231.25,1.87,1.87,2.45,2.45,-2.46,-2.42,-2.61,-0.58,-0.58,-0.58
233.57,1.83,1.83,2.42,2.42,-2.43,-2.38,-2.62,-0.60,-0.60,-0.59
235.90,1.78,1.78,2.40,2.40,-2.40,-2.35,-2.62,-0.62,-0.61,-0.62
238.26,1.74,1.74,2.37,2.37,-2.37,-2.31,-2.62,-0.63,-0.63,-0.63
240.64,1.70,1.70,2.34,2.34,-2.34,-2.27,-2.61,-0.64,-0.64,-0.64
243.05,1.65,1.65,2.30,2.31,-2.31,-2.23,-2.60,-0.65,-0.65,-0.65
245.48,1.61,1.61,2.28,2.27,-2.27,-2.19,-2.59,-0.66,-0.67,-0.67
247.93,1.56,1.56,2.24,2.24,-2.24,-2.16,-2.58,-0.68,-0.68,-0.68
250.41,1.52,1.52,2.21,2.21,-2.21,-2.12,-2.56,-0.69,-0.69,-0.69
252.92,1.48,1.48,2.18,2.17,-2.18,-2.08,-2.54,-0.70,-0.70,-0.70
255.45,1.43,1.43,2.14,2.14,-2.14,-2.04,-2.52,-0.71,-0.71,-0.71
258.00,1.39,1.39,2.11,2.11,-2.11,-2.00,-2.49,-0.72,-0.72,-0.72
260.58,1.35,1.35,2.08,2.08,-2.08,-1.97,-2.46,-0.73,-0.73,-0.73
263.19,1.31,1.31,2.05,2.04,-2.04,-1.93,-2.43,-0.73,-0.74,-0.74
265.82,1.26,1.26,2.01,2.01,-2.01,-1.89,-2.39,-0.75,-0.75,-0.75
268.48,1.22,1.22,1.98,1.98,-1.98,-1.85,-2.35,-0.76,-0.76,-0.75
271.16,1.18,1.18,1.94,1.94,-1.95,-1.82,-2.31,-0.76,-0.77,-0.76
273.87,1.14,1.14,1.91,1.91,-1.91,-1.78,-2.27,-0.77,-0.77,-0.77
276.61,1.10,1.10,1.88,1.88,-1.87,-1.74,-2.22,-0.77,-0.77,-0.78
279.38,1.06,1.06,1.85,1.84,-1.84,-1.71,-2.17,-0.78,-0.78,-0.79
282.17,1.01,1.01,1.80,1.80,-1.80,-1.67,-2.13,-0.79,-0.79,-0.79
284.99,0.97,0.97,1.76,1.76,-1.76,-1.63,-2.07,-0.79,-0.79,-0.79
287.84,0.93,0.93,1.72,1.72,-1.72,-1.60,-2.02,-0.79,-0.79,-0.79
290.72,0.89,0.89,1.68,1.68,-1.68,-1.56,-1.97,-0.79,-0.79,-0.79
293.63,0.85,0.85,1.65,1.64,-1.64,-1.53,-1.91,-0.79,-0.79,-0.80
296.57,0.81,0.81,1.61,1.61,-1.60,-1.49,-1.86,-0.79,-0.79,-0.79
299.53,0.77,0.77,1.56,1.56,-1.56,-1.46,-1.80,-0.79,-0.79,-0.79
302.53,0.73,0.73,1.53,1.52,-1.52,-1.42,-1.75,-0.79,-0.79,-0.80
305.55,0.69,0.69,1.48,1.48,-1.49,-1.39,-1.69,-0.79,-0.79,-0.79
308.61,0.65,0.65,1.45,1.44,-1.45,-1.36,-1.63,-0.80,-0.80,-0.80
311.69,0.61,0.61,1.40,1.40,-1.41,-1.32,-1.58,-0.80,-0.80,-0.79
314.81,0.57,0.57,1.37,1.37,-1.37,-1.29,-1.52,-0.80,-0.79,-0.80
317.96,0.54,0.54,1.33,1.33,-1.33,-1.26,-1.47,-0.79,-0.79,-0.79
321.14,0.50,0.50,1.30,1.29,-1.29,-1.23,-1.41,-0.79,-0.79,-0.80
324.35,0.46,0.46,1.25,1.25,-1.25,-1.19,-1.35,-0.79,-0.79,-0.79
327.59,0.43,0.43,1.21,1.21,-1.22,-1.16,-1.30,-0.78,-0.79,-0.78
330.87,0.39,0.39,1.18,1.18,-1.18,-1.13,-1.25,-0.79,-0.79,-0.79
334.18,0.35,0.35,1.13,1.14,-1.14,-1.10,-1.19,-0.79,-0.78,-0.78
337.52,0.32,0.32,1.11,1.10,-1.10,-1.07,-1.14,-0.78,-0.78,-0.79
340.90,0.28,0.28,1.06,1.06,-1.06,-1.04,-1.09,-0.78,-0.78,-0.78
344.30,0.25,0.25,1.02,1.02,-1.02,-1.00,-1.03,-0.77,-0.77,-0.77
347.75,0.21,0.21,0.98,0.98,-0.98,-0.97,-0.98,-0.77,-0.77,-0.77
351.23,0.18,0.18,0.95,0.94,-0.94,-0.94,-0.93,-0.76,-0.76,-0.77
354.74,0.15,0.15,0.90,0.91,-0.90,-0.91,-0.88,-0.75,-0.76,-0.75
358.28,0.11,0.11,0.87,0.87,-0.86,-0.88,-0.83,-0.75,-0.75,-0.75
361.87,0.08,0.08,0.83,0.83,-0.83,-0.85,-0.78,-0.74,-0.75,-0.75
365.49,0.04,0.04,0.78,0.79,-0.79,-0.82,-0.73,-0.75,-0.74,-0.74
369.14,0.01,0.01,0.75,0.75,-0.75,-0.79,-0.69,-0.74,-0.74,-0.74
372.83,-0.02,-0.02,0.71,0.71,-0.71,-0.76,-0.64,-0.73,-0.73,-0.73
376.56,-0.06,-0.06,0.67,0.67,-0.67,-0.73,-0.59,-0.73,-0.73,-0.73
380.33,-0.09,-0.09,0.63,0.63,-0.63,-0.71,-0.55,-0.72,-0.72,-0.72
384.13,-0.12,-0.12,0.60,0.60,-0.60,-0.68,-0.50,-0.72,-0.72,-0.72
387.97,-0.15,-0.15,0.57,0.56,-0.56,-0.65,-0.46,-0.71,-0.71,-0.71
391.85,-0.18,-0.18,0.52,0.53,-0.52,-0.62,-0.42,-0.70,-0.70,-0.70
395.77,-0.21,-0.21,0.49,0.49,-0.49,-0.59,-0.37,-0.70,-0.70,-0.70
399.73,-0.24,-0.24,0.45,0.45,-0.45,-0.56,-0.33,-0.69,-0.69,-0.69
403.72,-0.27,-0.27,0.41,0.42,-0.42,-0.53,-0.29,-0.69,-0.69,-0.68
407.76,-0.30,-0.30,0.39,0.38,-0.38,-0.50,-0.25,-0.68,-0.68,-0.68
411.84,-0.33,-0.33,0.35,0.35,-0.35,-0.47,-0.21,-0.68,-0.68,-0.68
415.96,-0.36,-0.36,0.31,0.31,-0.31,-0.44,-0.17,-0.67,-0.67,-0.67
420.12,-0.39,-0.39,0.28,0.28,-0.28,-0.41,-0.13,-0.67,-0.67,-0.67
424.32,-0.42,-0.42,0.24,0.24,-0.25,-0.38,-0.10,-0.66,-0.66,-0.66
428.56,-0.44,-0.44,0.21,0.21,-0.21,-0.35,-0.06,-0.65,-0.65,-0.65
432.85,-0.47,-0.47,0.18,0.18,-0.18,-0.32,-0.02,-0.65,-0.65,-0.64
437.18,-0.50,-0.50,0.15,0.15,-0.14,-0.29,0.01,-0.64,-0.64,-0.65
441.55,-0.53,-0.53,0.11,0.11,-0.11,-0.26,0.05,-0.64,-0.63,-0.64
445.96,-0.55,-0.55,0.08,0.07,-0.07,-0.23,0.08,-0.62,-0.62,-0.63
450.42,-0.58,-0.58,0.03,0.03,-0.04,-0.20,0.11,-0.62,-0.62,-0.61
454.93,-0.60,-0.60,0.00,0.00,-0.00,-0.16,0.14,-0.60,-0.61,-0.60
459.48,-0.63,-0.63,-0.04,-0.03,0.03,-0.13,0.17,-0.60,-0.60,-0.59
464.07,-0.65,-0.65,-0.06,-0.06,0.06,-0.10,0.20,-0.59,-0.59,-0.59
468.71,-0.68,-0.68,-0.10,-0.09,0.09,-0.07,0.23,-0.59,-0.58,-0.58
473.40,-0.70,-0.70,-0.12,-0.12,0.13,-0.03,0.25,-0.57,-0.57,-0.58
478.13,-0.72,-0.72,-0.15,-0.16,0.16,0.00,0.28,-0.56,-0.57,-0.57
482.91,-0.75,-0.75,-0.19,-0.19,0.19,0.04,0.30,-0.56,-0.56,-0.56
487.74,-0.77,-0.77,-0.22,-0.22,0.22,0.07,0.32,-0.55,-0.55,-0.55
492.62,-0.79,-0.79,-0.25,-0.25,0.26,0.11,0.34,-0.53,-0.54,-0.54
497.55,-0.82,-0.82,-0.29,-0.29,0.29,0.14,0.36,-0.53,-0.53,-0.53
502.52,-0.84,-0.84,-0.32,-0.32,0.32,0.18,0.38,-0.52,-0.52,-0.52
507.55,-0.86,-0.86,-0.36,-0.36,0.35,0.22,0.39,-0.51,-0.51,-0.50
512.62,-0.88,-0.88,-0.39,-0.39,0.38,0.26,0.41,-0.50,-0.50,-0.49
517.75,-0.90,-0.90,-0.42,-0.42,0.41,0.29,0.42,-0.49,-0.49,-0.48
522.93,-0.92,-0.92,-0.45,-0.44,0.44,0.33,0.44,-0.48,-0.48,-0.47
528.16,-0.93,-0.93,-0.46,-0.47,0.47,0.37,0.45,-0.46,-0.47,-0.46
533.44,-0.95,-0.95,-0.49,-0.49,0.50,0.41,0.46,-0.45,-0.45,-0.46
538.77,-0.97,-0.97,-0.51,-0.51,0.52,0.45,0.47,-0.45,-0.44,-0.46
544.16,-0.98,-0.98,-0.54,-0.54,0.55,0.49,0.47,-0.43,-0.44,-0.44
549.60,-1.00,-1.00,-0.57,-0.57,0.57,0.53,0.48,-0.42,-0.43,-0.43
555.10,-1.02,-1.01,-0.61,-0.60,0.60,0.57,0.49,-0.42,-0.41,-0.41
560.65,-1.03,-1.03,-0.63,-0.63,0.63,0.61,0.49,-0.40,-0.40,-0.40
566.25,-1.04,-1.04,-0.65,-0.65,0.65,0.65,0.50,-0.39,-0.39,-0.39
571.92,-1.06,-1.06,-0.68,-0.67,0.67,0.69,0.50,-0.39,-0.38,-0.38
577.64,-1.07,-1.07,-0.69,-0.70,0.70,0.73,0.51,-0.37,-0.38,-0.38
583.41,-1.09,-1.09,-0.72,-0.72,0.72,0.77,0.51,-0.37,-0.37,-0.37
589.25,-1.10,-1.10,-0.74,-0.74,0.74,0.81,0.51,-0.36,-0.36,-0.36
595.14,-1.11,-1.11,-0.76,-0.76,0.76,0.85,0.52,-0.35,-0.35,-0.35
601.09,-1.12,-1.12,-0.78,-0.78,0.78,0.89,0.52,-0.34,-0.34,-0.34
607.10,-1.13,-1.13,-0.81,-0.80,0.81,0.92,0.52,-0.32,-0.32,-0.32
613.17,-1.14,-1.14,-0.83,-0.83,0.83,0.96,0.52,-0.31,-0.31,-0.31
619.30,-1.15,-1.15,-0.86,-0.86,0.85,0.99,0.53,-0.30,-0.29,-0.29
625.50,-1.16,-1.16,-0.89,-0.88,0.88,1.02,0.53,-0.28,-0.28,-0.27
631.75,-1.16,-1.16,-0.90,-0.90,0.90,1.05,0.53,-0.26,-0.26,-0.26
638.07,-1.17,-1.17,-0.92,-0.92,0.92,1.08,0.54,-0.25,-0.25,-0.24
644.45,-1.17,-1.17,-0.93,-0.94,0.94,1.10,0.54,-0.23,-0.24,-0.23
650.89,-1.18,-1.18,-0.95,-0.96,0.95,1.12,0.55,-0.23,-0.22,-0.23
657.40,-1.18,-1.18,-0.97,-0.97,0.97,1.14,0.55,-0.21,-0.21,-0.21
663.98,-1.18,-1.18,-0.98,-0.98,0.99,1.15,0.55,-0.19,-0.19,-0.20
670.62,-1.18,-1.18,-0.99,-1.00,1.00,1.16,0.56,-0.18,-0.18,-0.19
677.32,-1.18,-1.18,-1.01,-1.01,1.01,1.17,0.57,-0.16,-0.16,-0.17
684.10,-1.18,-1.18,-1.03,-1.03,1.03,1.18,0.57,-0.15,-0.15,-0.15
690.94,-1.17,-1.17,-1.04,-1.04,1.04,1.18,0.58,-0.13,-0.13,-0.13
697.85,-1.17,-1.17,-1.05,-1.06,1.06,1.18,0.59,-0.11,-0.11,-0.12
704.83,-1.17,-1.16,-1.07,-1.07,1.07,1.17,0.59,-0.10,-0.10,-0.10
711.87,-1.16,-1.16,-1.08,-1.08,1.08,1.17,0.60,-0.08,-0.08,-0.08
718.99,-1.15,-1.15,-1.08,-1.09,1.09,1.16,0.61,-0.06,-0.06,-0.07
726.18,-1.15,-1.15,-1.10,-1.10,1.10,1.14,0.62,-0.05,-0.05,-0.05
733.44,-1.14,-1.14,-1.11,-1.11,1.10,1.13,0.63,-0.03,-0.03,-0.03
740.78,-1.13,-1.13,-1.11,-1.11,1.11,1.11,0.64,-0.02,-0.02,-0.02
748.19,-1.11,-1.11,-1.11,-1.11,1.11,1.09,0.65,0.00,0.00,0.00
755.67,-1.10,-1.10,-1.12,-1.11,1.12,1.07,0.66,0.02,0.02,0.02
763.23,-1.08,-1.08,-1.11,-1.12,1.12,1.05,0.68,0.04,0.04,0.03
770.86,-1.07,-1.07,-1.12,-1.12,1.12,1.02,0.69,0.05,0.05,0.05
778.57,-1.05,-1.05,-1.12,-1.12,1.12,1.00,0.70,0.07,0.07,0.07
786.35,-1.03,-1.03,-1.11,-1.12,1.12,0.97,0.71,0.09,0.08,0.08
794.22,-1.01,-1.01,-1.12,-1.11,1.11,0.94,0.73,0.10,0.10,0.11
802.16,-0.99,-0.99,-1.11,-1.11,1.11,0.91,0.74,0.12,0.12,0.12
810.18,-0.96,-0.96,-1.10,-1.10,1.10,0.89,0.75,0.14,0.14,0.14
818.28,-0.94,-0.94,-1.10,-1.09,1.10,0.86,0.77,0.16,0.16,0.16
826.46,-0.91,-0.91,-1.08,-1.09,1.09,0.83,0.78,0.18,0.18,0.17
834.73,-0.89,-0.89,-1.09,-1.08,1.08,0.80,0.80,0.19,0.19,0.20
843.08,-0.86,-0.86,-1.07,-1.07,1.07,0.77,0.81,0.21,0.21,0.21
851.51,-0.83,-0.83,-1.06,-1.06,1.06,0.75,0.82,0.23,0.23,0.23
860.02,-0.79,-0.79,-1.04,-1.04,1.04,0.72,0.83,0.25,0.25,0.25
868.62,-0.75,-0.75,-1.03,-1.03,1.03,0.69,0.85,0.28,0.27,0.28
877.31,-0.72,-0.72,-1.02,-1.01,1.01,0.67,0.86,0.29,0.30,0.30
886.08,-0.68,-0.68,-1.00,-0.99,0.99,0.64,0.87,0.31,0.32,0.32
894.94,-0.63,-0.63,-0.97,-0.97,0.97,0.62,0.88,0.34,0.34,0.34
903.89,-0.59,-0.59,-0.95,-0.95,0.95,0.59,0.89,0.36,0.37,0.36
912.93,-0.54,-0.54,-0.93,-0.93,0.93,0.57,0.90,0.39,0.39,0.39
922.06,-0.49,-0.49,-0.91,-0.91,0.90,0.54,0.90,0.42,0.41,0.42
931.28,-0.44,-0.44,-0.89,-0.88,0.88,0.52,0.91,0.44,0.44,0.45
940.59,-0.38,-0.38,-0.85,-0.85,0.85,0.50,0.91,0.47,0.46,0.47
950.00,-0.33,-0.33,-0.82,-0.82,0.82,0.48,0.92,0.49,0.49,0.49
959.50,-0.27,-0.27,-0.79,-0.78,0.78,0.46,0.92,0.51,0.52,0.52
969.09,-0.20,-0.20,-0.75,-0.75,0.75,0.44,0.92,0.55,0.55,0.55
978.78,-0.14,-0.14,-0.72,-0.72,0.72,0.42,0.91,0.58,0.58,0.58
988.57,-0.08,-0.07,-0.69,-0.68,0.68,0.40,0.91,0.60,0.61,0.61
998.46,-0.01,-0.01,-0.64,-0.65,0.65,0.38,0.90,0.64,0.64,0.63
1008.44,0.05,0.05,-0.62,-0.62,0.62,0.36,0.90,0.67,0.67,0.67
1018.53,0.11,0.11,-0.59,-0.59,0.59,0.35,0.89,0.70,0.70,0.70
1028.71,0.17,0.17,-0.57,-0.56,0.55,0.33,0.88,0.72,0.73,0.74
1039.00,0.24,0.24,-0.52,-0.52,0.52,0.31,0.86,0.76,0.76,0.76
1049.39,0.30,0.30,-0.49,-0.49,0.49,0.30,0.85,0.79,0.79,0.79
1059.88,0.37,0.37,-0.46,-0.45,0.45,0.28,0.83,0.82,0.82,0.83
1070.48,0.45,0.45,-0.42,-0.41,0.41,0.27,0.81,0.87,0.86,0.87
1081.19,0.52,0.52,-0.38,-0.38,0.38,0.25,0.79,0.90,0.90,0.90
1092.00,0.60,0.60,-0.34,-0.34,0.34,0.24,0.77,0.94,0.94,0.94
1102.92,0.67,0.67,-0.32,-0.31,0.31,0.22,0.75,0.98,0.98,0.99
1113.95,0.75,0.75,-0.27,-0.27,0.27,0.21,0.72,1.02,1.02,1.02
1125.09,0.83,0.83,-0.24,-0.24,0.24,0.20,0.70,1.07,1.07,1.07
1136.34,0.91,0.91,-0.20,-0.20,0.21,0.18,0.67,1.12,1.11,1.11
1147.70,0.98,0.98,-0.19,-0.18,0.18,0.17,0.64,1.16,1.16,1.17
1159.18,1.06,1.06,-0.16,-0.15,0.15,0.16,0.62,1.21,1.21,1.22
1170.77,1.14,1.14,-0.12,-0.12,0.12,0.14,0.59,1.26,1.26,1.26
1182.48,1.22,1.22,-0.09,-0.09,0.09,0.13,0.56,1.31,1.31,1.31
1194.30,1.29,1.29,-0.07,-0.07,0.07,0.11,0.53,1.36,1.36,1.36
1206.25,1.37,1.37,-0.06,-0.05,0.04,0.10,0.50,1.41,1.42,1.43
1218.31,1.45,1.45,-0.03,-0.02,0.02,0.09,0.46,1.47,1.47,1.48
1230.49,1.53,1.53,0.00,0.00,-0.00,0.07,0.43,1.53,1.53,1.53
1242.80,1.60,1.60,0.02,0.02,-0.02,0.06,0.40,1.58,1.58,1.58
1255.22,1.68,1.68,0.04,0.04,-0.04,0.04,0.37,1.64,1.64,1.64
1267.78,1.76,1.76,0.05,0.06,-0.06,0.03,0.33,1.70,1.70,1.71
1280.45,1.84,1.84,0.07,0.07,-0.08,0.01,0.30,1.76,1.76,1.77
1293.26,1.92,1.92,0.08,0.09,-0.09,-0.00,0.26,1.83,1.83,1.84
1306.19,2.01,2.01,0.11,0.11,-0.11,-0.02,0.23,1.90,1.90,1.90
1319.25,2.09,2.09,0.12,0.13,-0.12,-0.04,0.20,1.97,1.97,1.97
1332.45,2.17,2.17,0.14,0.14,-0.14,-0.06,0.16,2.03,2.03,2.03
1345.77,2.25,2.25,0.16,0.16,-0.15,-0.08,0.13,2.10,2.10,2.10
1359.23,2.33,2.33,0.17,0.17,-0.17,-0.10,0.09,2.16,2.17,2.17
1372.82,2.42,2.42,0.19,0.18,-0.18,-0.12,0.06,2.24,2.23,2.24
1386.55,2.50,2.50,0.20,0.20,-0.20,-0.14,0.02,2.30,2.30,2.31
1400.41,2.59,2.59,0.22,0.21,-0.22,-0.17,-0.01,2.37,2.37,2.38
1414.42,2.67,2.67,0.23,0.23,-0.24,-0.19,-0.05,2.44,2.44,2.45
1428.56,2.76,2.76,0.26,0.25,-0.26,-0.22,-0.08,2.51,2.51,2.51
1442.85,2.85,2.85,0.29,0.28,-0.28,-0.25,-0.11,2.57,2.57,2.57
1457.28,2.93,2.93,0.30,0.30,-0.30,-0.28,-0.15,2.63,2.63,2.64
1471.85,3.02,3.02,0.33,0.32,-0.32,-0.31,-0.19,2.70,2.70,2.70
1486.57,3.11,3.11,0.35,0.35,-0.34,-0.34,-0.22,2.77,2.77,2.77
1501.43,3.20,3.20,0.37,0.37,-0.37,-0.37,-0.26,2.84,2.84,2.84
1516.45,3.30,3.30,0.40,0.39,-0.39,-0.41,-0.29,2.91,2.91,2.91
1531.61,3.39,3.39,0.41,0.41,-0.41,-0.44,-0.33,2.98,2.99,2.99
1546.93,3.49,3.49,0.43,0.42,-0.43,-0.47,-0.36,3.06,3.06,3.07
1562.40,3.59,3.59,0.45,0.45,-0.45,-0.50,-0.40,3.14,3.14,3.15
1578.02,3.68,3.69,0.47,0.47,-0.47,-0.53,-0.43,3.21,3.21,3.22
1593.80,3.79,3.79,0.51,0.50,-0.50,-0.55,-0.46,3.29,3.29,3.29
1609.74,3.89,3.89,0.52,0.52,-0.52,-0.57,-0.50,3.37,3.37,3.38
1625.84,4.00,4.00,0.55,0.54,-0.54,-0.58,-0.53,3.46,3.46,3.46
1642.10,4.11,4.11,0.56,0.56,-0.57,-0.59,-0.56,3.54,3.54,3.56
1658.52,4.22,4.22,0.59,0.59,-0.59,-0.59,-0.60,3.63,3.63,3.64
1675.10,4.33,4.33,0.61,0.61,-0.61,-0.58,-0.63,3.72,3.72,3.73
1691.85,4.44,4.44,0.64,0.63,-0.62,-0.57,-0.66,3.82,3.82,3.81
1708.77,4.54,4.54,0.64,0.63,-0.63,-0.55,-0.69,3.91,3.91,3.91
1725.86,4.64,4.64,0.63,0.63,-0.63,-0.53,-0.72,4.01,4.01,4.02
1743.12,4.73,4.73,0.63,0.62,-0.62,-0.51,-0.75,4.11,4.11,4.11
1760.55,4.82,4.82,0.61,0.61,-0.61,-0.48,-0.77,4.22,4.21,4.22
1778.15,4.89,4.89,0.58,0.58,-0.58,-0.46,-0.80,4.31,4.31,4.32
1795.94,4.96,4.96,0.56,0.55,-0.54,-0.43,-0.82,4.42,4.42,4.40
1813.90,5.02,5.02,0.50,0.50,-0.49,-0.41,-0.84,4.53,4.53,4.52
1832.03,5.08,5.08,0.46,0.45,-0.44,-0.38,-0.86,4.64,4.64,4.63
1850.36,5.13,5.13,0.39,0.39,-0.38,-0.36,-0.88,4.75,4.75,4.74
1868.86,5.17,5.17,0.32,0.32,-0.32,-0.34,-0.89,4.85,4.86,4.85
1887.55,5.22,5.22,0.26,0.25,-0.25,-0.32,-0.90,4.97,4.97,4.96
1906.42,5.27,5.27,0.19,0.19,-0.19,-0.30,-0.91,5.08,5.08,5.08
1925.49,5.32,5.32,0.13,0.13,-0.13,-0.28,-0.92,5.19,5.20,5.19
1944.74,5.39,5.39,0.08,0.07,-0.08,-0.26,-0.92,5.31,5.31,5.31
1964.19,5.46,5.46,0.03,0.03,-0.04,-0.25,-0.92,5.42,5.43,5.43
1983.83,5.55,5.55,-0.00,-0.00,-0.01,-0.24,-0.92,5.54,5.54,5.55
2003.67,5.65,5.65,-0.01,-0.02,0.01,-0.23,-0.92,5.66,5.65,5.66
2023.71,5.75,5.75,-0.02,-0.02,0.01,-0.22,-0.91,5.76,5.76,5.77
2043.94,5.87,5.87,-0.00,-0.00,-0.00,-0.21,-0.90,5.87,5.87,5.87
2064.38,5.99,5.99,0.03,0.02,-0.02,-0.21,-0.88,5.97,5.97,5.96
2085.03,6.12,6.12,0.06,0.05,-0.05,-0.20,-0.87,6.07,6.07,6.06
2105.88,6.25,6.25,0.08,0.08,-0.08,-0.20,-0.85,6.17,6.17,6.17
2126.94,6.39,6.39,0.12,0.12,-0.11,-0.19,-0.82,6.28,6.28,6.27
2148.20,6.53,6.53,0.16,0.15,-0.15,-0.19,-0.80,6.38,6.38,6.37
2169.69,6.67,6.67,0.20,0.19,-0.19,-0.19,-0.77,6.48,6.48,6.47
2191.38,6.80,6.80,0.23,0.23,-0.23,-0.19,-0.74,6.57,6.58,6.57
2213.30,6.94,6.94,0.26,0.26,-0.26,-0.19,-0.70,6.68,6.68,6.68
2235.43,7.08,7.08,0.30,0.30,-0.30,-0.20,-0.67,6.78,6.78,6.78
2257.78,7.21,7.21,0.34,0.33,-0.33,-0.20,-0.63,6.88,6.88,6.87
2280.36,7.34,7.34,0.37,0.37,-0.36,-0.20,-0.59,6.98,6.98,6.97
2303.17,7.47,7.47,0.41,0.40,-0.39,-0.21,-0.55,7.08,7.08,7.06
2326.20,7.59,7.59,0.43,0.42,-0.42,-0.21,-0.51,7.17,7.17,7.16
2349.46,7.70,7.70,0.43,0.44,-0.44,-0.22,-0.47,7.26,7.26,7.27
2372.95,7.81,7.81,0.46,0.46,-0.47,-0.23,-0.42,7.34,7.34,7.35
2396.68,7.91,7.91,0.49,0.48,-0.49,-0.24,-0.38,7.42,7.43,7.42
2420.65,8.01,8.01,0.51,0.51,-0.50,-0.25,-0.33,7.51,7.51,7.50
2444.86,8.10,8.10,0.53,0.53,-0.52,-0.26,-0.28,7.58,7.58,7.57
2469.31,8.19,8.19,0.55,0.54,-0.53,-0.27,-0.23,7.66,7.65,7.64
2494.00,8.27,8.27,0.54,0.54,-0.55,-0.28,-0.18,7.72,7.72,7.73
2518.94,8.34,8.34,0.55,0.55,-0.56,-0.30,-0.13,7.79,7.79,7.79
2544.13,8.41,8.41,0.57,0.56,-0.56,-0.31,-0.08,7.85,7.85,7.84
2569.57,8.47,8.47,0.57,0.57,-0.56,-0.33,-0.03,7.91,7.91,7.90
2595.27,8.53,8.53,0.57,0.56,-0.56,-0.35,0.02,7.97,7.97,7.96
2621.22,8.58,8.58,0.55,0.55,-0.55,-0.36,0.08,8.03,8.03,8.03
2647.43,8.62,8.62,0.54,0.54,-0.54,-0.38,0.13,8.08,8.08,8.08
2673.90,8.65,8.65,0.53,0.53,-0.53,-0.40,0.18,8.13,8.13,8.12
2700.64,8.68,8.68,0.52,0.51,-0.51,-0.42,0.24,8.17,8.17,8.16
2727.65,8.71,8.71,0.50,0.50,-0.49,-0.44,0.29,8.22,8.22,8.21
2754.93,8.73,8.73,0.48,0.47,-0.47,-0.46,0.35,8.26,8.26,8.25
2782.48,8.74,8.74,0.45,0.45,-0.45,-0.48,0.40,8.29,8.29,8.29
2810.30,8.75,8.75,0.42,0.43,-0.44,-0.50,0.46,8.31,8.32,8.33
2838.40,8.77,8.77,0.43,0.42,-0.42,-0.52,0.51,8.35,8.34,8.34
2866.79,8.78,8.78,0.42,0.41,-0.41,-0.54,0.57,8.37,8.37,8.36
2895.46,8.79,8.79,0.41,0.41,-0.40,-0.56,0.63,8.39,8.39,8.38
2924.41,8.80,8.80,0.40,0.40,-0.40,-0.57,0.69,8.40,8.40,8.40
2953.65,8.82,8.82,0.41,0.40,-0.40,-0.59,0.74,8.42,8.42,8.41
2983.19,8.83,8.83,0.40,0.40,-0.40,-0.59,0.80,8.43,8.43,8.43
3013.02,8.85,8.85,0.40,0.40,-0.41,-0.60,0.86,8.45,8.45,8.45
3043.15,8.87,8.87,0.42,0.41,-0.41,-0.59,0.92,8.46,8.46,8.45
3073.58,8.89,8.89,0.43,0.42,-0.42,-0.59,0.98,8.47,8.47,8.46
3104.32,8.91,8.91,0.43,0.43,-0.44,-0.57,1.04,8.47,8.47,8.48
3135.36,8.93,8.93,0.44,0.44,-0.46,-0.55,1.10,8.48,8.47,8.49
3166.72,8.94,8.94,0.45,0.45,-0.47,-0.51,1.16,8.47,8.47,8.49
3198.38,8.95,8.95,0.48,0.47,-0.48,-0.47,1.22,8.47,8.47,8.47
3230.37,8.94,8.94,0.48,0.48,-0.47,-0.42,1.28,8.47,8.47,8.46
3262.67,8.92,8.92,0.48,0.47,-0.46,-0.35,1.34,8.46,8.46,8.44
3295.30,8.88,8.88,0.44,0.43,-0.42,-0.28,1.40,8.46,8.45,8.44
3328.25,8.80,8.80,0.37,0.37,-0.36,-0.18,1.46,8.44,8.44,8.43
3361.53,8.70,8.70,0.29,0.28,-0.28,-0.08,1.52,8.42,8.42,8.41
3395.15,8.56,8.56,0.17,0.17,-0.16,0.05,1.58,8.41,8.41,8.39
3429.10,8.39,8.39,0.02,0.02,-0.00,0.19,1.64,8.39,8.39,8.37
3463.39,8.18,8.18,-0.16,-0.17,0.19,0.35,1.70,8.37,8.37,8.34
3498.03,7.94,7.94,-0.38,-0.39,0.41,0.52,1.75,8.35,8.35,8.32
3533.01,7.66,7.66,-0.64,-0.64,0.66,0.72,1.81,8.32,8.32,8.30
3568.34,7.35,7.35,-0.92,-0.92,0.93,0.94,1.86,8.29,8.29,8.27
3604.02,7.03,7.02,-1.20,-1.21,1.23,1.18,1.91,8.26,8.25,8.23
3640.06,6.68,6.68,-1.52,-1.52,1.53,1.43,1.96,8.21,8.21,8.20
3676.46,6.34,6.34,-1.82,-1.83,1.83,1.69,2.00,8.17,8.17,8.16
3713.22,6.01,6.01,-2.12,-2.12,2.11,1.95,2.05,8.12,8.12,8.13
3750.36,5.70,5.71,-2.40,-2.39,2.37,2.20,2.09,8.07,8.08,8.10
3787.86,5.45,5.43,-2.61,-2.63,2.60,2.44,2.13,8.05,8.04,8.06
3825.74,5.20,5.21,-2.83,-2.82,2.79,2.65,2.16,7.99,8.00,8.03
3864.00,5.02,5.03,-2.97,-2.96,2.94,2.84,2.19,7.96,7.97,7.99
3902.64,4.92,4.90,-3.03,-3.05,3.03,2.98,2.22,7.95,7.94,7.95
3941.66,4.82,4.83,-3.09,-3.09,3.08,3.09,2.25,7.90,7.91,7.91
3981.08,4.79,4.79,-3.10,-3.10,3.09,3.12,2.27,7.88,7.88,7.89
4020.89,4.79,4.79,-3.06,-3.06,3.05,3.10,2.28,7.84,7.84,7.85
4061.10,4.82,4.83,-2.99,-2.99,2.98,3.01,2.30,7.80,7.81,7.81
4101.71,4.89,4.89,-2.87,-2.88,2.88,2.87,2.31,7.77,7.77,7.76
4142.73,4.98,4.98,-2.75,-2.75,2.75,2.70,2.31,7.73,7.73,7.73
4184.15,5.08,5.09,-2.60,-2.60,2.61,2.52,2.32,7.69,7.69,7.68
4226.00,5.21,5.21,-2.44,-2.45,2.45,2.35,2.31,7.66,7.66,7.65
4268.26,5.33,5.33,-2.28,-2.28,2.29,2.18,2.31,7.62,7.62,7.61
4310.94,5.46,5.46,-2.11,-2.12,2.13,2.04,2.30,7.59,7.58,7.57
4354.05,5.57,5.57,-1.96,-1.96,1.97,1.92,2.30,7.54,7.54,7.53
4397.59,5.68,5.68,-1.81,-1.82,1.82,1.83,2.28,7.50,7.50,7.49
4441.56,5.77,5.77,-1.68,-1.68,1.69,1.75,2.27,7.46,7.46,7.45
4485.98,5.84,5.84,-1.57,-1.57,1.57,1.70,2.26,7.41,7.42,7.41
4530.84,5.90,5.90,-1.46,-1.47,1.48,1.66,2.24,7.38,7.37,7.36
4576.15,5.93,5.93,-1.40,-1.39,1.40,1.65,2.22,7.33,7.33,7.33
4621.91,5.95,5.95,-1.33,-1.34,1.34,1.64,2.20,7.29,7.29,7.28
4668.13,5.94,5.94,-1.30,-1.31,1.31,1.65,2.18,7.25,7.25,7.24
4714.81,5.90,5.91,-1.30,-1.30,1.30,1.67,2.17,7.20,7.20,7.20
4761.96,5.85,5.85,-1.30,-1.31,1.31,1.71,2.15,7.16,7.16,7.15
4809.58,5.77,5.77,-1.35,-1.35,1.35,1.75,2.13,7.12,7.12,7.12
4857.67,5.67,5.67,-1.40,-1.41,1.41,1.81,2.11,7.08,7.08,7.07
4906.25,5.54,5.54,-1.49,-1.49,1.50,1.87,2.09,7.04,7.04,7.03
4955.31,5.39,5.39,-1.59,-1.60,1.62,1.95,2.07,7.01,7.00,6.98
5004.87,5.21,5.21,-1.73,-1.74,1.76,2.03,2.06,6.97,6.96,6.94
5054.91,5.00,5.01,-1.92,-1.91,1.92,2.13,2.04,6.92,6.93,6.92
5105.46,4.78,4.78,-2.10,-2.10,2.11,2.24,2.03,6.89,6.89,6.88
5156.52,4.55,4.54,-2.30,-2.31,2.31,2.36,2.02,6.86,6.85,6.85
5208.08,4.29,4.29,-2.53,-2.53,2.52,2.49,2.01,6.81,6.82,6.82
5260.16,4.03,4.03,-2.76,-2.76,2.75,2.64,2.00,6.78,6.78,6.79
5312.77,3.77,3.77,-2.99,-2.99,2.98,2.79,1.99,6.75,6.75,6.76
5365.89,3.50,3.50,-3.21,-3.22,3.22,2.97,1.99,6.72,6.72,6.71
5419.55,3.23,3.23,-3.44,-3.45,3.45,3.15,1.99,6.68,6.68,6.67
5473.75,2.95,2.95,-3.69,-3.69,3.69,3.35,1.99,6.64,6.64,6.64
5528.49,2.68,2.68,-3.92,-3.93,3.93,3.57,1.99,6.61,6.61,6.60
5583.77,2.41,2.41,-4.16,-4.16,4.16,3.80,1.99,6.57,6.57,6.57
5639.61,2.15,2.15,-4.38,-4.39,4.39,4.05,2.00,6.54,6.54,6.53
5696.00,1.89,1.90,-4.62,-4.62,4.62,4.31,2.01,6.51,6.52,6.51
5752.96,1.65,1.65,-4.83,-4.84,4.84,4.58,2.02,6.49,6.49,6.48
5810.49,1.40,1.41,-5.05,-5.05,5.05,4.85,2.04,6.45,6.46,6.45
5868.60,1.17,1.18,-5.25,-5.25,5.25,5.13,2.05,6.42,6.43,6.42
5927.28,0.95,0.96,-5.44,-5.44,5.43,5.40,2.07,6.38,6.39,6.39
5986.56,0.74,0.76,-5.62,-5.60,5.59,5.66,2.09,6.33,6.35,6.36
6046.42,0.55,0.57,-5.76,-5.73,5.72,5.88,2.12,6.28,6.30,6.31
6106.89,0.37,0.41,-5.87,-5.84,5.84,6.09,2.14,6.21,6.24,6.24
6167.96,0.20,0.26,-5.99,-5.93,5.93,6.21,2.17,6.13,6.18,6.19
6229.64,0.05,0.13,-6.08,-6.00,5.99,6.31,2.21,6.04,6.12,6.13
6291.93,-0.08,0.03,-6.15,-6.04,6.02,6.30,2.24,5.95,6.05,6.07
6354.85,-0.19,-0.04,-6.20,-6.04,6.03,6.27,2.27,5.84,5.98,6.01
6418.40,-0.28,-0.08,-6.23,-6.01,6.00,6.13,2.31,5.72,5.92,5.95
6482.58,-0.35,-0.09,-6.23,-5.95,5.93,5.97,2.35,5.58,5.84,5.88
6547.41,-0.40,-0.06,-6.22,-5.84,5.82,5.74,2.39,5.42,5.76,5.82
6612.88,-0.44,0.01,-6.20,-5.70,5.67,5.49,2.44,5.23,5.68,5.76
6679.01,-0.45,0.11,-6.15,-5.51,5.48,5.21,2.48,5.03,5.59,5.70
6745.80,-0.44,0.25,-6.06,-5.27,5.25,4.92,2.53,4.81,5.50,5.62
6813.26,-0.41,0.42,-5.94,-4.99,4.98,4.63,2.57,4.57,5.40,5.53
6881.39,-0.35,0.61,-5.79,-4.69,4.68,4.33,2.62,4.33,5.30,5.44
6950.21,-0.28,0.82,-5.64,-4.36,4.37,4.06,2.66,4.09,5.19,5.36
7019.71,-0.18,1.03,-5.45,-4.03,4.04,3.78,2.71,3.86,5.07,5.27
7089.91,-0.06,1.24,-5.24,-3.70,3.72,3.53,2.75,3.66,4.96,5.18
7160.81,0.10,1.43,-4.97,-3.38,3.40,3.28,2.79,3.50,4.83,5.07
7232.41,0.27,1.60,-4.68,-3.08,3.10,3.05,2.83,3.37,4.70,4.95
7304.74,0.47,1.75,-4.36,-2.80,2.83,2.83,2.87,3.30,4.57,4.83
7377.79,0.69,1.87,-4.02,-2.56,2.57,2.64,2.90,3.26,4.44,4.71
7451.56,0.93,1.96,-3.65,-2.33,2.35,2.44,2.93,3.28,4.30,4.58
7526.08,1.18,2.03,-3.28,-2.14,2.14,2.27,2.95,3.32,4.17,4.46
7601.34,1.44,2.08,-2.90,-1.96,1.96,2.10,2.96,3.40,4.04,4.34
7677.35,1.71,2.11,-2.52,-1.80,1.80,1.95,2.97,3.51,3.91,4.23
7754.13,1.97,2.13,-2.14,-1.65,1.65,1.79,2.97,3.62,3.78,4.11
7831.67,2.20,2.13,-1.79,-1.52,1.51,1.66,2.96,3.71,3.65,3.99
7909.98,2.41,2.13,-1.46,-1.39,1.39,1.52,2.95,3.80,3.51,3.87
7989.08,2.58,2.11,-1.17,-1.27,1.27,1.39,2.92,3.85,3.38,3.75
8068.98,2.66,2.09,-0.95,-1.16,1.16,1.26,2.89,3.82,3.25,3.61
8149.67,2.68,2.05,-0.78,-1.06,1.06,1.14,2.85,3.74,3.11,3.46
8231.16,2.62,2.02,-0.69,-0.96,0.96,1.02,2.80,3.58,2.98,3.31
8313.47,2.46,1.98,-0.70,-0.86,0.86,0.91,2.74,3.32,2.84,3.16
8396.61,2.26,1.93,-0.75,-0.77,0.77,0.79,2.67,3.03,2.70,3.01
8480.57,1.99,1.89,-0.87,-0.68,0.68,0.68,2.59,2.67,2.56,2.86
8565.38,1.68,1.84,-1.01,-0.58,0.58,0.56,2.51,2.26,2.42,2.69
8651.03,1.37,1.79,-1.15,-0.49,0.49,0.45,2.41,1.86,2.28,2.52
8737.54,1.06,1.75,-1.29,-0.39,0.39,0.33,2.32,1.45,2.14,2.35
8824.92,0.80,1.71,-1.38,-0.29,0.29,0.22,2.21,1.09,2.00,2.18
8913.17,0.60,1.67,-1.40,-0.19,0.19,0.10,2.10,0.79,1.86,2.00
9002.30,0.43,1.63,-1.40,-0.08,0.08,-0.02,1.98,0.51,1.71,1.83
9092.32,0.37,1.60,-1.27,0.03,-0.03,-0.14,1.87,0.34,1.57,1.64
9183.25,0.39,1.58,-1.06,0.15,-0.15,-0.26,1.74,0.24,1.43,1.45
9275.08,0.47,1.56,-0.78,0.28,-0.28,-0.38,1.62,0.19,1.28,1.25
9367.83,0.64,1.55,-0.41,0.41,-0.41,-0.51,1.49,0.23,1.14,1.05
9461.51,0.88,1.54,0.02,0.55,-0.56,-0.63,1.36,0.32,0.98,0.86
9556.12,1.16,1.55,0.50,0.70,-0.72,-0.76,1.23,0.44,0.83,0.66
9651.68,1.47,1.56,1.02,0.86,-0.89,-0.89,1.10,0.58,0.68,0.45
9748.20,1.80,1.59,1.56,1.03,-1.06,-1.02,0.96,0.74,0.53,0.24
9845.68,2.13,1.63,2.10,1.22,-1.22,-1.15,0.83,0.91,0.40,0.03
9944.14,2.43,1.67,2.60,1.41,-1.39,-1.29,0.70,1.04,0.29,-0.17
10043.58,2.70,1.73,3.08,1.61,-1.54,-1.42,0.56,1.16,0.19,-0.38
10144.02,2.93,1.65,3.50,1.71,-1.68,-1.55,0.43,1.25,-0.03,-0.57
10245.46,3.11,1.57,3.87,1.81,-1.81,-1.69,0.30,1.30,-0.24,-0.76
10347.91,3.26,1.49,4.20,1.91,-1.92,-1.82,0.16,1.34,-0.43,-0.94
10451.39,3.40,1.41,4.53,2.01,-2.03,-1.96,0.03,1.37,-0.62,-1.13
10555.91,3.54,1.32,4.86,2.11,-2.13,-2.09,-0.11,1.42,-0.80,-1.32
10661.46,3.72,1.23,5.23,2.21,-2.22,-2.22,-0.24,1.50,-0.98,-1.51
10768.08,3.94,1.14,5.65,2.31,-2.31,-2.35,-0.38,1.63,-1.17,-1.71
10875.76,4.22,1.05,6.13,2.40,-2.40,-2.49,-0.51,1.82,-1.36,-1.91
10984.52,4.53,0.95,6.63,2.50,-2.50,-2.62,-0.65,2.03,-1.55,-2.10
11094.36,4.85,0.85,7.15,2.60,-2.60,-2.75,-0.79,2.25,-1.75,-2.30
11205.31,5.15,0.75,7.65,2.69,-2.69,-2.87,-0.93,2.46,-1.95,-2.50
11317.36,5.39,0.64,8.10,2.79,-2.79,-3.00,-1.07,2.60,-2.15,-2.71
11430.53,5.56,0.53,8.48,2.88,-2.88,-3.12,-1.21,2.68,-2.35,-2.92
11544.84,5.59,0.42,8.72,2.98,-2.98,-3.25,-1.36,2.62,-2.56,-3.13
11660.29,5.50,0.31,8.84,3.07,-3.07,-3.37,-1.51,2.43,-2.76,-3.34
11776.89,5.32,0.19,8.87,3.16,-3.16,-3.48,-1.66,2.16,-2.97,-3.55
11894.66,4.90,0.07,8.63,3.25,-3.25,-3.60,-1.82,1.65,-3.18,-3.73
12013.60,4.44,-0.05,8.36,3.34,-3.34,-3.71,-1.98,1.10,-3.40,-3.92
12133.74,3.88,-0.18,7.98,3.43,-3.43,-3.82,-2.15,0.45,-3.61,-4.10
12255.08,3.22,-0.31,7.51,3.52,-3.52,-3.93,-2.32,-0.30,-3.83,-4.29
12377.63,2.52,-0.44,6.99,3.61,-3.61,-4.03,-2.50,-1.09,-4.05,-4.47
12501.41,1.79,-0.57,6.44,3.70,-3.70,-4.13,-2.69,-1.91,-4.27,-4.65
12626.42,1.04,-0.71,5.88,3.79,-3.79,-4.23,-2.89,-2.75,-4.50,-4.84
12752.68,0.30,-0.85,5.32,3.88,-3.88,-4.33,-3.09,-3.58,-4.73,-5.02
12880.21,-0.41,-0.99,4.80,3.97,-3.97,-4.42,-3.31,-4.38,-4.96,-5.21
13009.01,-1.09,-1.13,4.31,4.05,-4.05,-4.51,-3.53,-5.14,-5.19,-5.40
13139.10,-1.78,-1.28,3.81,4.14,-4.14,-4.60,-3.78,-5.92,-5.42,-5.59
13270.49,-2.38,-1.43,3.39,4.22,-4.22,-4.68,-4.02,-6.60,-5.66,-5.77
13403.20,-2.95,-1.58,2.99,4.31,-4.31,-4.76,-4.30,-7.26,-5.89,-5.94
13537.23,-3.46,-1.74,2.66,4.39,-4.39,-4.84,-4.58,-7.85,-6.13,-6.12
13672.60,-3.93,-1.90,2.37,4.48,-4.48,-4.91,-4.89,-8.41,-6.38,-6.30
13809.33,-4.36,-2.06,2.11,4.56,-4.56,-4.99,-5.21,-8.92,-6.62,-6.47
13947.42,-4.75,-2.23,1.89,4.64,-4.64,-5.05,-5.56,-9.39,-6.87,-6.64
14086.90,-5.09,-2.39,1.73,4.72,-4.72,-5.12,-5.93,-9.81,-7.12,-6.82
14227.77,-5.41,-2.56,1.57,4.81,-4.81,-5.18,-6.33,-10.21,-7.37,-6.98
14370.04,-5.68,-2.73,1.46,4.89,-4.89,-5.24,-6.75,-10.57,-7.62,-7.14
14513.74,-5.91,-2.91,1.40,4.97,-4.97,-5.30,-7.22,-10.88,-7.88,-7.31
14658.88,-6.08,-3.09,1.39,5.05,-5.05,-5.35,-7.70,-11.12,-8.13,-7.47
14805.47,-6.22,-3.27,1.42,5.12,-5.12,-5.40,-8.23,-11.34,-8.39,-7.64
14953.52,-6.31,-3.45,1.49,5.20,-5.20,-5.45,-8.77,-11.51,-8.66,-7.80
15103.06,-6.35,-3.64,1.65,5.28,-5.28,-5.50,-9.34,-11.63,-8.92,-8.00
15254.09,-6.36,-3.83,1.86,5.36,-5.36,-5.54,-9.91,-11.72,-9.19,-8.22
15406.63,-6.30,-4.02,2.14,5.43,-5.43,-5.58,-10.47,-11.73,-9.45,-8.44
15560.70,-6.21,-4.22,2.45,5.51,-5.51,-5.62,-10.98,-11.72,-9.73,-8.66
15716.30,-6.08,-4.41,2.80,5.58,-5.58,-5.66,-11.38,-11.66,-10.00,-8.88
15873.47,-5.87,-4.61,3.23,5.66,-5.66,-5.69,-11.67,-11.53,-10.27,-9.10
16032.20,-5.62,-4.82,3.71,5.73,-5.73,-5.72,-11.71,-11.35,-10.55,-9.33
16192.52,-5.28,-5.02,4.37,5.81,-5.81,-5.75,-11.60,-11.09,-10.83,-9.65
16354.45,-4.94,-5.23,5.01,5.88,-5.88,-5.78,-11.19,-10.82,-11.11,-9.95
16517.99,-4.60,-5.44,5.66,5.95,-5.95,-5.81,-10.69,-10.55,-11.40,-10.26
16683.17,-4.32,-5.66,6.26,6.02,-6.02,-5.83,-10.00,-10.34,-11.68,-10.58
16850.01,-4.10,-5.87,6.78,6.09,-6.09,-5.85,-9.28,-10.19,-11.97,-10.88
17018.51,-3.95,-6.09,7.26,6.17,-6.17,-5.87,-8.51,-10.11,-12.26,-11.21
17188.69,-3.91,-6.32,7.71,6.24,-6.24,-5.89,-7.76,-10.14,-12.55,-11.62
17360.58,-3.96,-6.54,8.09,6.30,-6.30,-5.91,-7.02,-10.26,-12.85,-12.05
17534.18,-4.08,-6.77,8.40,6.37,-6.37,-5.93,-6.32,-10.45,-13.14,-12.48
17709.53,-4.30,-7.00,8.59,6.44,-6.44,-5.94,-5.66,-10.74,-13.44,-12.89
17886.62,-4.61,-7.24,8.71,6.51,-6.51,-5.96,-5.05,-11.12,-13.75,-13.32
18065.49,-5.01,-7.47,8.78,6.58,-6.58,-5.97,-4.48,-11.59,-14.05,-13.79
18246.14,-5.48,-7.71,8.84,6.64,-6.64,-5.98,-3.96,-12.12,-14.35,-14.32
18428.60,-6.13,-7.95,8.74,6.71,-6.71,-5.99,-3.48,-12.84,-14.66,-14.87
18612.89,-6.90,-8.20,8.51,6.77,-6.77,-6.00,-3.04,-13.67,-14.97,-15.41
18799.02,-7.81,-8.45,8.15,6.84,-6.84,-6.01,-2.64,-14.65,-15.29,-15.96
18987.01,-8.89,-8.70,7.60,6.90,-6.90,-6.02,-2.28,-15.79,-15.60,-16.49
19176.88,-10.21,-8.95,6.91,6.97,-6.97,-6.03,-1.95,-17.17,-15.92,-17.12
19368.65,-11.69,-9.21,6.07,7.03,-7.03,-6.04,-1.66,-18.72,-16.24,-17.76
19562.33,-13.30,-9.47,5.09,7.09,-7.09,-6.04,-1.39,-20.39,-16.56,-18.39
19757.96,-14.98,-9.73,4.03,7.15,-7.15,-6.05,-1.13,-22.13,-16.88,-19.01
19955.54,-16.24,-9.99,3.41,7.21,-7.21,-6.05,-0.87,-23.45,-17.21,-19.65
